3459
3212
2916
2534
2307
2100
1967
1886
1795
1702
1639
1529
1402
1313
1146
909
728
656
751
879
1062
1182
1137
1129
1407
1308
1338
1344
1451
1587
1747
1780
1665
1630
1445
1349
1370
1335
1275
1275
1364
1331
1348
1373
1437
1563
1569
1551
1846
1802
1762
1731
1839
2145
2499
2672
2980
3159
3398
3602
3866
3950
3994
4134
4140
4160
4185
4197
4192
4205
4199
4168
3394
3883
3885
3713
3522
3464
3494
3462
3326
3273
3271
3208
3144
3033
2746
2633
2562
2487
2399
2362
2116
1982
1755
1519
541
555
595
579
512
495
574
764
961
877
954
1163
1499
1761
1942
2260
2605
3092
3525
3799
3927
4020
4006
4070
4791
4858
4904
4951
4910
4847
4693
4599
4574
4540
4665
4816
4830
4807
4766
4663
4360
4085
3990
3876
4000
3868
3511
3323
2270
2548
2523
2412
2403
2321
2271
2328
2342
2562
2800
3020
3043
3046
3068
3071
3078
3260
3546
3682
3772
3863
3904
4109
3204
3629
3869
3893
4038
4009
4008
4037
4042
4034
4052
4072
4084
4078
4060
4048
4058
4030
4000
3989
3987
3961
3961
3918
3005
2897
2800
2688
2617
2650
2675
2655
2657
2693
2587
2430
2510
2484
2464
2383
2448
2593
2806
3023
3081
3321
3398
3441
3144
2954
2835
2849
2915
2902
2862
2771
2730
2563
2359
2057
1929
1864
1809
1777
1617
1719
1603
1517
1443
1371
1345
1324
1332
1051
1059
1135
1257
1377
1510
1589
1669
1728
1919
1889
1878
1937
1985
1963
1939
1926
2024
2041
2069
2154
2256
2412
2587
2526
2416
2372
2201
2019
1963
1894
1869
1759
1479
1302
1190
1130
970
958
974
1010
1061
1088
1119
1104
1088
1073
888
886
855
816
810
800
796
812
829
728
625
566
559
555
544
532
552
588
648
779
894
940
904
990
1706
1540
1570
1698
1791
1777
1770
1744
1808
1824
1742
1690
1699
1757
1847
1961
2114
2441
2682
2854
3142
3273
3428
3449
3857
3767
3596
3389
3176
2850
2533
2348
2048
1812
1636
1689
1756
1832
1906
2062
2143
2391
2618
2909
3099
3369
3430
3375
3377
3329
3350
3415
3482
3478
3553
3479
3536
3624
3642
3629
3662
3649
3722
3826
3877
3909
4051
4368
4444
4394
4328
4349
3394
3791
3888
3874
3820
3816
3777
3816
3835
3814
3756
3716
3686
3612
3538
3416
3196
3127
3021
2851
2852
2840
2837
2826
2491
2410
2300
2062
2036
1999
1987
1990
1966
1955
1917
1856
1815
1669
1611
1557
1502
1442
1401
1385
1373
1369
1383
1418
2312
2031
1929
1849
1877
1885
1846
1823
1791
1739
1651
1572
1501
1496
1509
1487
1462
1321
1311
1308
1305
1299
1280
1254
390
403
409
422
446
496
517
567
646
733
742
812
915
985
1053
1066
1029
967
879
782
698
655
618
559
904
892
953
993
1023
1072
1015
973
1002
1033
1001
921
856
843
841
849
878
884
941
928
824
801
753
739
1366
1211
1182
1177
1193
1200
1201
1191
1180
1184
1181
1176
1210
1228
1229
1202
1197
1209
1242
1282
1318
1371
1449
1525
3444
3026
2767
2584
2510
2451
2379
2329
2300
2269
2210
2187
2226
2290
2355
2396
2349
2332
2368
2395
2395
2370
2325
2276
1685
1588
1570
1549
1569
1494
1570
1615
1686
1813
2144
2276
2330
2399
2570
2612
2705
2723
2644
2612
2423
2294
2119
2028
2153
2051
2030
1844
1713
1352
1232
1190
1212
1168
1096
1021
981
956
971
990
1004
1008
1000
969
954
965
956
953
1297
1188
1197
1222
1229
1220
1222
1205
1224
1231
1218
1209
1213
1233
1253
1286
1311
1317
1327
1355
1374
1369
1357
1337
1800
1561
1565
1580
1622
1663
1689
1779
1902
1909
1898
1929
1972
2014
2055
2088
2114
2198
2477
2559
2740
2728
2723
2745
2776
3037
3021
2931
2849
2822
2914
3196
3443
3571
3750
3726
3779
3758
3757
3730
3623
3571
3622
3633
3625
3616
3611
3633
2780
3151
3158
3036
2903
2864
2830
2706
2620
2521
2459
2330
2279
2260
2269
2274
2256
2243
2245
2259
2272
2260
2276
2337
2753
2838
2950
3018
3031
3039
3089
3076
3090
3004
2913
2882
2791
2730
2736
2747
2693
2686
2549
2576
2601
2573
2565
2557
