3355
3511
3330
3399
3585
3605
3415
3362
3292
3273
3194
3071
2838
3103
3146
2920
2499
2630
2263
1899
1667
1564
1552
1739
1833
2193
1956
1699
1471
1761
2140
2173
1784
1357
1518
1695
2054
1351
1531
1956
2563
2759
2903
2710
2850
3073
3007
2806
3181
3260
3194
3098
2948
2888
2772
2664
2504
2540
2550
2614
2760
2912
3159
3373
3570
3724
3894
3865
3664
3581
3571
3752
4227
4345
4451
4597
4536
4457
4308
4260
4143
4045
3712
3585
3654
3654
3680
3648
3565
3474
3380
3187
3039
2879
2787
2485
2567
2584
2677
2557
2486
2403
2348
2209
1951
1577
1219
1113
1216
1029
1020
1028
984
1087
953
1137
1042
1016
1042
1240
1303
1358
1404
1396
1312
1258
1265
1308
1244
1314
1321
1297
1393
1321
1339
1448
1652
1709
1700
1739
1699
1724
1808
1977
2061
2012
1962
1751
1660
1601
1739
1717
1576
1629
1628
1639
1460
1394
1296
1286
1346
1551
1658
1776
1730
1709
1676
1807
1795
1679
1811
1674
1508
1534
1436
1641
2014
1835
1901
2200
2505
2787
3027
3226
3252
3227
3374
3556
3602
3827
3947
4733
4818
4741
4571
4400
4462
4544
4547
4572
4505
4370
4035
3773
3836
4181
4488
4813
4903
4906
4876
4665
4559
4435
3865
3273
2825
2431
2048
1815
1841
1844
1777
1697
1614
1575
1571
1554
1557
1607
1555
1469
1391
1275
1109
906
672
665
934
1530
1757
1957
2034
2031
2128
2085
2231
2163
2166
2164
1924
1987
2066
1897
1847
1766
1563
1482
1522
1590
1732
2034
2291
3044
3158
3238
3304
3439
3515
3501
3250
3097
2760
2656
2685
2895
2771
2738
2864
2930
2922
2790
2823
2732
2495
2400
2462
1601
1693
1709
1738
1647
1695
1627
1550
1507
1560
1446
1230
1091
893
976
984
967
950
881
811
731
610
628
750
1541
1614
1819
1972
1955
1862
1833
1909
1958
2173
2260
2063
2184
2359
2519
2579
2575
2538
2533
2565
2591
2605
2550
2568
2602
2634
2501
2393
2222
2212
2200
2053
1834
1781
1702
1583
1530
1528
1486
1453
1481
1498
1464
1493
1514
1479
1476
1494
1436
1431
1416
1396
1365
1377
1386
1388
1381
1363
1328
1249
1196
1074
1042
984
990
994
993
988
979
968
956
924
928
761
772
825
834
820
808
774
763
724
685
624
652
723
780
815
812
835
899
953
1123
1201
1333
1394
2112
2227
2337
2479
2786
2915
2895
2943
3115
3174
3222
3187
3177
3134
3070
3006
3002
3028
3025
3026
3012
3029
2956
2919
2380
2667
2869
2914
2697
2876
3166
3542
3816
3833
3798
3816
3780
3731
3747
3796
3761
3810
3818
3777
3754
3785
3661
3546
3523
3421
3446
3683
3996
4045
3938
3919
3989
3968
3941
4385
4452
4501
4448
4372
4371
4394
4435
4460
4365
4049
3615
3197
2635
2634
2306
2658
2656
2800
2841
3068
3332
3250
3432
3800
3863
3719
3630
3855
3948
4064
4253
4377
4253
3795
3001
2418
2311
2524
2775
2855
3227
3445
3635
3481
3139
2855
2353
2215
2432
3283
3551
3299
3265
3314
3414
3387
3273
2912
2168
1692
1440
1409
1442
1457
1466
1483
1482
1529
1579
1754
1786
1648
1815
1951
2035
2154
2111
2158
2339
2515
2539
2170
2020
2068
1936
1877
1921
1938
1884
1903
2020
1920
1934
1980
1977
2100
2244
2185
2165
2213
2265
2259
2194
2224
2281
2285
2275
2256
2235
2367
2217
2091
2080
2091
2123
2097
2120
2074
1895
1657
1606
1658
1667
1719
1689
1752
1849
1903
1890
1857
1749
1717
1811
1708
1702
1714
1746
1820
2021
2082
1811
1696
1692
1749
1897
2135
2310
2312
2247
2316
2440
2499
2730
2730
2582
2481
2100
1980
1694
1430
1274
1244
1234
1187
1089
1064
1038
967
1010
1034
1107
1158
1184
1182
1156
1107
1087
1182
1291
1294
1052
1023
921
835
771
740
743
732
742
698
637
598
622
679
719
734
774
803
848
903
953
954
1024
1177
1839
1708
1595
1536
1371
1424
1427
1452
1563
1520
1469
1507
1534
1630
1669
1729
1686
1665
1736
1777
1846
1920
1764
1690
