966
938
844
791
709
723
794
803
702
751
791
691
646
688
675
667
664
641
620
616
626
699
775
885
947
995
978
966
939
932
922
919
849
770
660
613
542
542
548
548
545
549
549
559
555
557
577
745
727
712
678
635
613
560
548
530
515
508
462
453
445
444
449
441
442
440
431
422
420
423
420
175
159
153
166
163
172
176
180
176
171
154
136
132
140
145
151
159
173
188
210
224
236
243
283
561
648
827
994
1103
1158
1180
1163
1167
1166
1133
1114
1132
1182
1172
1149
1135
1141
1139
1173
1179
1186
1195
1250
1961
2016
1904
1808
1569
1646
1816
1871
1812
1471
1480
1420
1931
1925
1675
1705
1644
1506
1545
1502
1448
1375
1475
1646
1588
1469
1271
1091
965
1066
979
809
753
729
673
643
610
433
364
347
367
402
423
438
392
322
439
551
716
738
869
994
1213
1438
1547
1557
1573
1571
1518
1498
1537
1553
1521
1488
1477
1461
1489
1471
1461
1435
1444
1454
1442
1283
1130
934
880
770
742
680
652
633
550
489
400
381
361
349
331
334
329
347
347
325
278
228
318
328
296
257
277
292
290
304
336
367
354
317
308
307
313
328
390
448
485
542
493
464
443
447
502
560
429
436
442
401
371
309
290
272
278
274
263
254
248
263
261
255
266
267
277
294
287
327
820
801
831
839
860
877
895
932
993
995
963
852
822
853
884
936
876
858
860
869
867
883
951
1085
1722
1415
1773
2261
2412
2321
2167
2130
2149
2098
1894
1701
1660
1687
1755
1827
1872
1876
1864
1865
1843
1887
1896
1864
1375
1516
1640
1601
1593
1603
1554
1527
1405
1252
1071
976
923
781
736
719
732
769
762
738
744
753
781
848
1062
979
901
819
774
724
666
629
687
759
631
541
480
405
431
490
731
904
1019
1149
1217
1269
1249
1305
1881
1830
1640
2149
2239
2121
1767
1981
1638
1416
1221
1127
1015
867
721
718
874
921
1119
1306
1464
1159
1356
1540
1301
1572
1639
1499
1820
1612
1607
1885
1939
1785
1305
912
696
584
624
854
1346
1700
2124
1933
1472
1248
1031
898
1062
1457
1826
1972
1861
1625
1396
1335
1101
952
853
755
831
751
623
1124
1518
1653
1244
1229
1148
834
894
854
722
595
702
758
881
921
900
785
613
446
440
361
370
382
523
625
596
525
459
571
351
390
408
556
775
780
856
974
1136
1153
1171
1223
1193
1143
1041
961
837
840
894
918
922
974
966
930
913
927
913
915
1005
985
993
1016
940
877
834
836
814
758
668
546
549
586
648
653
651
664
650
610
565
523
509
524
342
313
283
273
270
265
264
254
243
232
216
214
223
237
254
253
247
245
245
244
241
237
244
251
541
440
390
382
378
379
375
370
366
366
357
314
304
305
310
320
342
422
532
552
505
463
443
441
262
425
687
897
988
1011
1207
1380
1428
1207
1016
836
800
819
789
729
653
532
492
479
494
526
528
553
402
489
589
467
441
418
380
334
360
283
187
96
32
32
22
36
110
185
262
415
504
361
328
336
404
426
409
401
384
369
340
334
348
344
292
277
285
309
337
362
356
322
322
329
345
340
384
460
664
703
735
758
745
695
668
650
656
653
599
561
494
439
388
385
385
393
410
398
386
386
393
404
200
287
312
385
446
407
371
403
440
490
420
386
420
439
461
478
543
631
724
875
1052
1072
1089
1187
1898
1960
2002
2209
2382
2476
2508
2549
2489
2365
2052
1658
1335
1119
1047
1150
1224
1322
1351
1429
1399
1339
1344
1403
1862
1897
1987
2101
2081
1962
1980
1745
1561
1321
942
535
517
790
1308
1842
2254
2496
2600
2398
2168
1699
1733
2276
