3367
3249
3277
3251
3195
3126
3167
3032
3350
3462
3457
3662
3897
4081
4174
4279
4372
4474
4551
4484
4470
4376
4287
4509
4630
4626
4630
4547
4365
4335
4357
4254
4196
4044
4339
4563
4711
4546
4400
4307
4330
4305
4336
4546
4567
4391
4145
3489
3211
2910
2806
2646
2382
2172
2154
2169
2158
2241
2237
2156
2046
1897
1799
1771
1742
1729
1819
1893
1842
1935
1946
2029
1866
1764
1591
1489
1363
1302
1208
1109
1055
1021
835
747
647
586
551
531
522
527
530
537
588
637
643
328
293
276
250
242
225
206
187
190
202
249
234
201
183
173
177
192
192
207
222
249
262
263
254
757
558
566
570
567
546
538
536
529
514
513
541
545
548
535
503
508
540
583
560
524
590
671
707
1218
1254
1236
1203
1250
1305
1272
1206
1080
954
1021
988
879
839
901
1039
1151
1345
1421
1549
1513
1457
1487
1533
2452
2685
2664
2593
2530
2541
2424
2438
2586
2529
2455
2425
2560
2756
2761
2557
2467
2516
2411
2240
2162
2072
1967
1931
1372
1167
1106
1033
974
897
733
677
654
670
686
668
634
632
634
647
651
634
624
657
740
833
986
1102
2078
2212
2196
2292
2390
2466
2523
2574
2572
2533
2299
2256
2025
2032
2038
2127
2274
2342
2370
2432
2370
2437
2689
2954
3669
3696
3705
3698
3674
3728
3744
3559
3127
3151
3167
2986
2993
2917
2708
2488
2632
3039
3153
3358
3313
3347
3193
3078
2908
3218
3202
3543
3485
3598
3279
3042
2932
2956
2843
3018
3126
2866
2697
2683
2698
2718
2684
2608
2515
2192
2180
2382
2145
2145
2098
1888
1850
1854
1763
1700
1702
1587
1550
1348
1318
1477
1580
1626
1729
1871
1860
1687
1335
1086
919
948
656
696
789
862
944
1155
1396
1679
1828
1979
2190
2158
1959
2052
2319
2500
2571
2684
2830
3004
2975
3038
3129
3275
3518
3408
3146
3114
3008
2912
2602
2644
2966
3121
3124
2582
2360
2416
2636
2838
2860
3249
3345
3385
3083
2703
2467
2362
3320
2778
2515
2368
2271
2151
2171
2211
2207
2176
2205
2146
2216
2269
2207
2200
2245
2307
2278
2206
2130
2003
1864
1745
1721
1554
1642
1647
1647
1710
1738
1746
1805
1738
1680
1603
1496
1549
1562
1573
1566
1518
1496
1477
1403
1351
1462
1654
1928
1991
2062
2122
2246
2504
2693
2705
2741
2701
2738
2784
2885
3101
3263
3392
3421
3450
3454
3415
3465
3551
3689
3897
4010
4387
4505
4549
4508
4557
4469
4419
4422
4329
4301
4203
4190
4185
4114
3915
3801
3684
3475
3378
3305
3194
3252
3241
2802
2936
2912
2893
2814
3236
3204
2662
2210
2302
2441
2720
2547
2632
2861
2886
2705
2590
2630
2684
2488
2655
2996
3230
2434
2592
2568
2548
2345
2326
2276
2268
2231
2246
2261
2086
1955
1687
1574
1488
1435
1264
1253
1284
1352
1422
1585
1632
1955
2206
2259
2160
2163
2126
2138
2150
2113
2210
2212
2085
1967
1910
1869
1834
1919
2031
2074
2033
2101
2275
2335
2334
3063
3063
3219
3398
3517
3472
3369
3365
3381
3482
3554
3535
3509
3509
3521
3517
3593
3505
3642
3874
3887
3911
3836
3719
2893
2934
2817
2703
2640
2706
2602
2570
2468
2198
2037
1879
1775
1666
1637
1623
1670
1723
1701
1632
1610
1657
1681
1710
2215
2261
2323
2273
2333
2335
2403
2346
2392
2419
2464
2242
2000
1799
1846
1754
1699
1631
1642
1709
1773
1960
2167
2264
3412
3495
3534
3563
3414
3394
3461
3486
3422
3258
3186
3188
3182
3149
3251
3423
3403
3574
3675
3811
4011
4100
4201
4463
4841
4645
4385
3982
3892
3739
3625
3425
3428
3659
3784
4035
4156
4422
4661
4769
4621
4503
4468
4291
4323
4375
4411
4325
3905
3680
3754
3705
3951
4067
4011
4040
4273
4519
4624
4694
4635
4584
4521
4595
4639
4577
4452
4270
4016
3740
3559
3452
2235
1877
1897
1802
1603
1484
1420
1416
1369
1329
1263
1238
1203
1033
879
836
835
902
979
975
1024
1195
1340
1524
1890
1830
1678
1759
1754
1724
1733
1736
1894
1975
2025
2127
2199
2412
2379
2316
2258
2265
2243
2337
2357
2399
2361
2376
