2015
1762
1485
1291
1289
1443
1572
1905
1869
2381
2531
2310
2020
1765
1590
1959
2300
2400
2733
3321
4013
4513
4502
4498
4499
4500
4490
4481
4180
3976
3983
3898
3847
4026
3513
2781
2116
2017
2059
2168
2157
2277
2184
2169
2302
2554
2676
2637
2613
2417
2385
2388
2339
2315
2538
2880
2841
2492
2207
2123
1834
1412
1182
1227
1349
1251
1269
1688
2235
2465
2787
2915
2896
2902
2803
2759
2740
2738
2597
2389
2313
2411
2343
2130
1874
1871
1825
2154
2304
2425
2714
2990
3351
3573
3911
3858
3704
3505
3590
3528
3370
3021
2728
2369
2268
2126
1879
1720
1646
1669
1769
1894
1967
2047
1957
2057
2276
2547
2807
3563
3954
4231
4574
4509
4554
4519
4317
3777
3327
3109
3021
2970
2769
2326
1893
1871
2014
2375
2818
2992
3441
3761
3665
3630
3957
4325
4505
4532
4247
3499
2979
3308
3802
4114
3771
3297
3289
3100
2619
2084
2064
2158
2656
3099
3785
4309
4310
4408
4492
4452
4330
4465
4470
4390
3821
3476
3299
2981
2673
2405
1943
1667
1486
1241
1005
1332
1604
2042
2122
2120
2117
2177
2065
2319
2365
2269
2114
2016
1812
1588
1532
1573
1701
1743
1650
1509
1320
1198
1156
1150
1027
927
930
1042
811
832
835
587
356
275
305
392
397
283
220
252
158
100
81
184
208
144
148
183
183
293
723
1183
1225
1239
952
1136
1248
744
945
1129
1182
1227
1363
1564
1818
2108
2412
2660
3011
3253
3365
3430
3487
3554
3897
3959
4062
4198
4318
4157
4317
4281
4297
4196
4112
4239
4260
4125
3890
3890
3850
3607
3460
3331
3130
2961
2838
2633
2497
2207
1998
1791
1580
1509
1474
1411
1320
1268
1185
1123
1228
1465
1745
2024
2184
2238
2328
2328
2667
2824
2718
2690
2852
3199
3274
3371
3644
3737
3856
3982
4117
4543
4638
4293
4253
4137
4093
3979
4172
4400
4589
4572
4470
4594
4645
4411
4163
4113
4323
4235
3842
3471
3232
3104
2957
2791
2432
2126
2037
1944
1675
1548
1462
1447
1408
1424
1460
1386
1477
1502
1629
1696
1541
1500
1409
1279
1194
1210
1200
1013
851
741
667
706
646
523
346
252
274
369
394
467
494
501
517
448
433
412
396
382
333
346
382
497
751
1195
1449
1702
1981
1827
1786
1851
2051
2361
2493
2602
2341
1951
2092
2363
2524
2546
2435
2470
2286
2073
1910
2020
2140
2569
2701
2994
3632
3653
3676
3697
3858
4124
4441
4656
4595
4539
4497
4411
4347
4071
3711
3573
3440
3336
3296
3324
3216
3289
3269
3176
3136
3137
2948
2875
2814
2711
2698
2585
2401
2193
2105
1925
1780
1609
1500
1453
1427
1474
1719
1948
2036
2166
2310
2366
2576
3053
3060
2992
2904
2926
2930
3058
3100
3124
3257
3237
3249
3205
3196
2485
2024
1783
1404
1135
1175
1244
1346
1437
1438
1475
1370
1266
1221
1190
1181
1152
1054
1014
963
892
817
1015
1099
1347
1520
1574
1491
1379
1446
1588
1647
1566
1714
1846
1865
2377
2684
2603
2520
2567
2694
2659
2573
2654
2540
2417
2542
2456
2324
2354
2289
2062
1921
1751
1690
1422
1136
991
968
1048
1072
1103
1147
1220
1166
985
948
1095
1510
2076
2528
2544
2711
2858
3013
3212
3279
3393
3424
3472
3604
3676
3643
3728
3767
3744
3800
3749
3601
3689
3772
4124
4467
4580
4576
4526
4170
3717
3125
2551
2338
2281
1998
1913
1698
1540
1211
954
749
568
432
411
516
683
1051
1325
1523
1511
1630
1857
1997
1890
1907
1998
1990
1993
2023
2035
1809
1549
1265
1130
1178
1414
1574
1514
1146
930
1001
961
999
1086
1360
1369
1296
1259
1208
1136
1016
913
766
604
442
391
453
539
661
789
792
702
562
481
467
467
517
520
573
581
614
570
448
450
390
330
480
634
583
490
357
267
235
263
276
329
429
598
750
768
811
967