948
826
780
677
610
598
624
778
793
385
97
71
148
263
344
452
589
617
553
450
383
422
541
678
659
454
419
366
374
500
537
522
455
335
238
335
587
703
661
734
873
978
1088
1104
1129
916
1101
1367
1377
1480
1559
1553
1526
1541
1671
1971
2021
1812
1389
1413
1829
2107
2243
2330
2672
2496
2301
2037
1606
1492
2167
2568
2740
2949
3032
2984
2778
2030
1710
1752
1531
1600
1332
1325
1361
936
798
709
719
681
588
596
587
735
1237
1542
1352
1176
1375
1257
818
929
783
851
780
622
409
333
339
463
636
664
702
679
750
903
1135
1139
1108
953
641
571
550
488
365
336
345
428
470
369
223
216
287
324
421
591
894
1102
1023
1020
758
682
1010
1233
1328
1158
1189
1215
1137
1051
1072
1146
1130
919
605
791
1539
1883
1978
1959
1913
1826
1934
1901
2022
1879
1646
1585
2044
2019
2076
1985
1525
1440
1338
1435
1366
867
636
691
596
497
495
635
980
1282
1057
1075
900
854
847
872
806
879
979
940
1009
1179
1356
1097
1106
793
670
634
614
585
600
618
626
880
837
1157
1359
1558
1661
1555
1573
1522
1470
1402
1371
1514
1446
1319
1424
1269
1032
822
824
852
588
698
893
972
1254
1264
1079
1370
1353
1441
2161
2238
2659
2393
2435
2311
2219
2394
2624
2245
1939
1830
1921
1988
2247
1382
1245
1508
1506
1333
1801
2445
2911
2887
3124
3150
3663
3624
3683
3435
3592
3838
3873
3925
4048
4297
4491
4604
4524
4444
4328
4405
4464
4211
3524
2586
2013
1936
2166
1942
1980
1872
1943
2031
2351
2462
2215
1908
1806
1468
1250
1221
1230
1316
1327
1292
1306
1300
1233
1236
1429
1679
1913
1922
1791
1719
1662
1524
1362
1512
1719
1619
1474
1117
1149
1114
1193
1192
1244
1252
1333
1448
1497
1758
2029
2334
2565
2494
2395
2288
2210
2163
1869
1595
1589
1511
1380
1386
1383
1480
1412
1233
1122
1084
1164
1220
1587
1643
1459
1230
1209
1661
1928
2260
2036
1799
1869
1818
1645
1454
1343
988
677
676
683
815
686
586
698
1019
1054
1208
1549
1843
2123
2163
1921
1503
1467
1618
1560
1605
1874
1605
1608
2073
2458
2648
2826
2767
2749
2817
2791
2848
2608
2447
2396
2452
2795
3103
3125
2949
2705
2474
2188
1939
1787
1794
1739
1474
1290
1406
1631
2019
2292
2611
2926
2944
3034
2940
2878
2833
2536
2469
2498
2310
2149
2312
2097
1993
2013
1931
1694
1637
1552
1576
1647
1855
1929
2040
1895
1754
1833
1838
1990
2161
1870
1493
1504
1488
1478
1600
1621
1725
1758
1937
1950
1951
1831
1692
1424
1406
1442
1528
1483
1357
1163
729
516
351
532
497
481
495
712
809
764
638
579
617
679
891
1050
1078
1241
1189
1172
1305
1532
1743
1707
1462
1428
2029
2680
3212
3384
3341
3293
3197
2843
2393
1829
1196
920
912
918
1029
1177
1296
1424
1477
1487
1541
1721
1860
2037
2224
2069
1932
1779
1895
1627
1574
1389
1152
1001
608
343
174
213
429
451
487
571
657
691
689
591
510
564
852
1185
1482
1668
1331
1231
1262
1333
672
1026
1102
1041
1024
1144
1630
1930
2461
2299
2182
2291
2407
2531
2688
2999
3042
3208
3197
3094
2963
2977
2092
2041
1789
1899
2904
3062
2829
2738
3015
3061
2873
2957
3044
2787
2841
2524
2197
2239
2469
3078
2988
2817
2523
2282
2284
2288
2000
1999
2056
2396
2788
2888
2617
2525
2791
2926
3013
3216
3088
2845
2441
2396
2962
3503
3302
3206
3069
3011
2877
2721
2458
2072
1879
2019
1977
2141
2396
2303
2430
2166
1882
1581
1279
924
630
514
598
490
529
724
951
929
1150
1221
1059
817
546
372
405
566
824
1228
1384
1322
1140
968
786
515
450
797
1363
1717
1702
1522
1502
1590
1475
1350
1400
1323
1098
1250
1436
1582
2069
2056
2317
1983
1898
1921
1960
1903
1787
1752
1884
1746
1718
1690
1534
1645
1441
1098
903
735
591
426
368
453
401
484
515
904
1361
1923
2232
2041
2156
2434
2598
2442
3039
3120
3060
3241
3260
3315
3013
2722
2450
2370
2215
2088
1858
1649
1227
1286
1591
1589
1774
1746
1744
1624
1612