2267
1920
1967
2078
2044
1925
1654
1304
1026
566
205
187
320
480
623
706
824
1045
1108
1000
774
911
1236
1632
1944
2219
2538
2686
2191
1418
1063
1105
1386
1634
1381
1383
1630
2036
2208
2502
2643
2842
2809
2896
2662
2716
3099
3465
3716
3701
3183
2444
1780
1629
1674
1657
1586
1456
1153
944
754
714
679
979
1144
1107
1185
1246
953
962
972
1008
1009
986
976
923
847
681
611
602
498
396
315
396
504
690
861
909
944
876
730
482
262
218
240
227
306
453
418
374
325
314
258
242
263
233
175
310
371
446
514
557
562
562
543
536
496
619
814
1173
1291
1265
1309
1124
1139
990
822
901
1036
901
634
622
778
873
873
899
820
635
483
468
463
416
606
725
708
661
725
558
529
585
472
540
660
498
298
393
389
398
378
433
364
374
333
256
234
308
518
738
674
672
592
632
709
635
461
358
322
220
86
74
128
166
154
165
155
99
135
75
68
81
101
144
143
126
101
77
80
127
249
236
230
187
177
250
311
589
446
413
623
297
222
218
282
242
288
329
349
277
219
241
197
191
192
226
282
266
249
227
232
306
534
856
1220
1290
1368
1470
1043
833
883
839
888
911
928
962
1167
1369
1366
1275
1164
1005
740
609
686
786
964
1129
1312
1392
1451
1378
1142
1120
1181
1163
1097
976
826
851
845
768
664
893
939
740
540
565
622
665
608
626
712
697
582
517
440
376
412
406
395
292
249
277
304
366
350
380
393
394
246
282
316
281
334
356
394
395
408
366
391
552
663
947
1144
1377
1307
1228
1115
1137
1192
1247
1310
1178
797
535
465
462
390
336
310
334
355
324
327
309
437
645
928
1268
1298
772
583
502
497
436
442
426
202
74
48
44
17
16
63
122
246
262
81
103
124
90
100
147
213
224
227
277
411
257
521
506
159
74
89
159
207
244
331
542
509
359
272
260
380
489
611
798
1197
1269
1184
1111
904
945
899
675
188
93
93
99
137
386
384
461
792
843
526
384
402
464
467
474
480
516
543
545
653
616
499
375
292
516
632
781
807
722
718
939
1200
1451
1637
1717
1793
1985
1773
1906
1811
2012
1778
1809
1969
2592
2481
1965
1770
1809
2122
2333
2346
2165
1865
1724
1582
1731
1495
1529
1441
1648
1833
1752
1778
1831
1760
1636
1458
1517
2160
2250
2218
2957
3273
3414
3858
4060
3959
3637
3023
2371
1471
909
710
756
790
828
789
771
841
945
1010
1032
898
754
455
259
214
249
304
325
390
451
451
470
429
537
792
1076
1066
914
827
727
719
707
702
636
655
641
358
258
671
1120
1181
1049
1022
974
886
735
725
881
867
917
945
917
1162
1293
1207
1106
983
1202
1459
1509
1302
1143
1185
1551
1732
2003
1915
2149
2196
2032
1872
1552
1614
1469
1388
1500
1423
1341
1556
1920
1822
2204
2244
1642
976
977
1750
2928
3185
3326
3373
3369
3382
3014
2471
1866
1668
1678
1687
1467
1093
783
722
686
1025
975
1301
1175
834
1296
1438
1654
1557
1331
1160
1053
915
750
581
448
464
493
544
544
590
545
484
435
382
380
384
373
342
419
459
351
264
202
181
196
275
356
398
474
552
552
521
418
348
359
327
324
305
268
246
202
138
124
96
86
80
81
59
54
21
9
45
115
127
205
462
603
624
624
582
543
594
640
688
570
276
104
49
40
37
42
76
190
351
362
514
683
964
1111
1261
997
1093
1150
1027
1057
981
941
1163
1248
756
483
404
370
331
228
224
224
179
160
162
178
168
155
180
168
237
320
432
443
456
506
584
534
208
61
91
121
150
195
211
204
171
157
173
157
203
304
301
304
360
413
464
491
516
444
407
349
124
55
67
67
171
238
235
268
245
197
119
223
466
857