3029
2856
2800
2745
2662
3038
3041
3548
3694
3449
2885
2313
2049
1934
1883
1853
1706
1262
1148
1852
2790
3507
3682
3472
3200
3136
3198
3071
2804
2452
2143
2162
1884
1500
987
604
760
1175
1216
1130
1041
789
912
1181
1410
1642
1781
2054
1923
1770
1459
1262
1050
800
682
510
414
263
127
71
65
71
71
136
231
283
494
709
1037
1200
1331
1553
1468
1330
1347
1299
1372
1372
1431
1421
1273
1024
627
432
549
889
1198
1389
1474
1554
1521
1815
2321
2560
2600
2646
2637
2752
2634
2558
2149
1966
1780
1499
1539
1512
1255
1255
1680
2810
3244
3439
3140
3237
3386
3559
3188
3463
4109
4305
4097
4196
4287
4432
4410
4362
4236
4173
4022
4081
4102
4170
4002
4096
3904
3642
3343
3027
2357
2077
1666
1586
1550
1600
1534
1397
1287
1531
1653
1736
1628
1509
1259
1077
892
915
1426
2448
3226
3522
3635
3187
2563
2355
2339
2100
2074
2013
1922
1548
1288
877
781
622
471
485
415
300
300
229
208
134
71
46
20
15
47
110
185
260
385
492
564
591
668
664
633
640
669
757
940
880
791
801
803
774
703
637
586
584
710
933
1111
1189
1075
1048
1062
1077
1121
1163
1251
1066
843
773
711
551
423
396
395
531
722
889
1011
1061
1132
1229
1368
1615
1901
2397
2776
2987
3134
3052
3081
3034
3149
3365
3416
3297
3014
2691
2807
2932
3233
3481
3496
3338
3497
3768
3746
3520
3085
3439
3838
3877
3856
4149
4166
4432
4533
4323
4579
4746
4783
4932
4857
4882
5220
5327
5266
5208
5076
5264
5303
5381
5338
5256
5257
5276
5151
5092
5177
4979
4857
4876
4907
5026
5087
5029
5122
5302
5192
5166
5226
5217
4893
4605
4296
4164
4099
4035
3743
3461
3174
2761
2316
2044
1913
1946
2312
2845
3076
3113
3314
3301
3224
3052
3185
3230
3714
4559
4933
4995
5059
5015
4905
4926
4851
4788
4350
4193
4211
4225
4261
4033
3107
2271
2123
2424
2714
2539
2390
2090
2269
2921
3612
3906
4239
4369
4197
4014
3703
3466
3275
3048
2702
2452
2604
2370
1934
1598
1347
1462
1937
2274
2476
2501
2648
2671
2686
2662
2819
2836
2704
2898
2922
3161
3348
3605
3898
3619
4510
4690
4600
4563
4625
4633
4736
4876
5049
5220
5387
5533
5588
5508
5416
5467
5441
5294
5328
5397
5384
5142
4902
4953
4987
5073
5126
5086
5114
5065
5123
5135
5043
4914
4961
4962
4856
4870
4877
4454
4123
4058
4017
4049
4165
4470
4416
4420
4424
4437
4394
4374
4308
4529
4877
4871
4803
4460
4129
3916
3848
3866
4281
4472
4739
4931
4823
4572
4203
4054
4025
3927
3506
2715
2043
1897
1871
1836
1717
1297
841
834
961
1181
1060
890
812
726
1151
1701
2077
2723
3022
2870
3089
3153
2975
2705
2962
3219
3001
2971
3378
3832
4278
4530
4827
5047
5153
4987
4701
4354
4049
3991
3636
3156
2776
2534
2076
1605
1276
1140
1176
1338
1475
1419
1426
1460
1763
2122
2370
2654
2779
3129
3473
3795
3643
3538
3553
3815
3956
3952
3894
3832
3669
3478
3044
2905
2440
2151
1898
2068
1977
1781
1970
2357
2550
2727
2586
2477
2250
1979
1625
1273
985
775
640
587
592
737
942
1098
1094
1021
1048
1129
1334
1583
1918
2389
2700
2849
3024
3195
3491
3482
3458
3425
3493
3638
3804
4092
4178
4241
4062
3808
3643
3706
3947
4162
4363
4529
4840
5180
5526
5483
5275
5316
5250
5279
4946
4819
4618
4747
4831
4840
4869
4733
4583
4492
4338
4256
3838
4215
4315
4010
4472
4654
4922
4858
4779
4798
4522
4609
4479
4546
3851
3710
3813
4160
4294
4379
4143
3549
3367
3617
3515
3494
3464
3292
3245
3202
3173
3396
3280
2939
2894
2950
2852
2673
2632
2439
2608
2684
2397
2390
2173
1967
1910
1912
1746
1627
1650
1626
1639
1803
1527
1295
1138
918
852
794
852
821
938
954
942
1012
992
968
874
638
546
340
495
527
725
833
1084
1709
2153
2220
2231
2125
2216
2566
2450
2336
2368
2219
2454
2386
2424
2456
2364
2253
2156
1995
2022
2390
2495
2630
2937
3116
3192
2897
2496
2247