50176
50176
50176
50176
50176
50176
50176
50176
50176
50176
50176
50176
50176
50176
50176
50176
50176
50176
50176
50176
50176
50176
50176
50176
50176
50176
50176
50176
50176
50176
48593
48593
48593
48593
48593
48593
48593
48593
48593
48593
48593
48593
48593
48593
48593
48593
48593
48593
48593
48593
48593
48593
48593
48593
48593
48593
48593
48593
48593
48593
47242
47242
47242
47242
47242
47242
47242
47242
47242
47242
47242
47242
47242
47242
47242
47242
47242
47242
47242
47242
47242
47242
47242
47242
47242
47242
47242
47242
47242
47242
46267
46267
46267
46267
46267
46267
46267
46267
46267
46267
46267
46267
46267
46267
46267
46267
46267
46267
46267
46267
46267
46267
46267
46267
46267
46267
46267
46267
46267
46267
45682
45682
45682
45682
45682
45682
45682
45682
45682
45682
45682
45682
45682
45682
45682
45682
45682
45682
45682
45682
45682
45682
45682
45682
45682
45682
45682
45682
45682
45682
45043
45043
45043
45043
45043
45043
45043
45043
45043
45043
45043
45043
45043
45043
45043
45043
45043
45043
45043
45043
45043
45043
45043
45043
45043
45043
45043
45043
45043
45043
44787
44787
44787
44787
44787
44787
44787
44787
44787
44787
44787
44787
44787
44787
44787
44787
44787
44787
44787
44787
44787
44787
44787
44787
44787
44787
44787
44787
44787
44787
44767
44767
44767
44767
44767
44767
44767
44767
44767
44767
44767
44767
44767
44767
44767
44767
44767
44767
44767
44767
44767
44767
44767
44767
44767
44767
44767
44767
44767
44767
45002
45002
45002
45002
45002
45002
45002
45002
45002
45002
45002
45002
45002
45002
45002
45002
45002
45002
45002
45002
45002
45002
45002
45002
45002
45002
45002
45002
45002
45002
45541
45541
45541
45541
45541
45541
45541
45541
45541
45541
45541
45541
45541
45541
45541
45541
45541
45541
45541
45541
45541
45541
45541
45541
45541
45541
45541
45541
45541
45541
46890
46890
46890
46890
46890
46890
46890
46890
46890
46890
46890
46890
46890
46890
46890
46890
46890
46890
46890
46890
46890
46890
46890
46890
46890
46890
46890
46890
46890
46890
48322
48322
48322
48322
48322
48322
48322
48322
48322
48322
48322
48322
48322
48322
48322
48322
48322
48322
48322
48322
48322
48322
48322
48322
48322
48322
48322
48322
48322
48322
50759
50759
50759
50759
50759
50759
50759
50759
50759
50759
50759
50759
50759
50759
50759
50759
50759
50759
50759
50759
50759
50759
50759
50759
50759
50759
50759
50759
50759
50759
51141
51141
51141
51141
51141
51141
51141
51141
51141
51141
51141
51141
51141
51141
51141
51141
51141
51141
51141
51141
51141
51141
51141
51141
51141
51141
51141
51141
51141
51141
53492
53492
53492
53492
53492
53492
53492
53492
53492
53492
53492
53492
53492
53492
53492
53492
53492
53492
53492
53492
53492
53492
53492
53492
53492
53492
53492
53492
53492
53492
56250
56250
56250
56250
56250
56250
56250
56250
56250
56250
56250
56250
56250
56250
56250
56250
56250
56250
56250
56250
56250
56250
56250
56250
56250
56250
56250
56250
56250
56250
59339
59339
59339
59339
59339
59339
59339
59339
59339
59339
59339
59339
59339
59339
59339
59339
59339
59339
59339
59339
59339
59339
59339
59339
59339
59339
59339
59339
59339
59339
61517
61517
61517
61517
61517
61517
61517
61517
61517
61517
61517
61517
61517
61517
61517
61517
61517
61517
61517
61517
61517
61517
61517
61517
61517
61517
61517
61517
61517
61517
63041
63041
63041
63041
63041
63041
63041
63041
63041
63041
63041
63041
63041
63041
63041
63041
63041
63041
63041
63041
63041
63041
63041
63041
63041
63041
63041
63041
63041
63041
64427
64427
64427
64427
64427
64427
64427
64427
64427
64427
64427
64427
64427
64427
64427
64427
64427
64427
64427
64427
64427
64427
64427
64427
64427
64427
64427
64427
64427
64427
65867
65867
65867
65867
65867
65867
65867
65867
65867
65867
65867
65867
65867
65867
65867
65867
65867
65867
65867
65867
65867
65867
65867
65867
65867
65867
65867
65867
65867
65867
66918
66918
66918
66918
66918
66918
66918
66918
66918
66918
66918
66918
66918
66918
66918
66918
66918
66918
66918
66918
66918
66918
66918
66918
66918
66918
66918
66918
66918
66918
67077
67077
67077
67077
67077
67077
67077
67077
67077
67077
67077
67077
67077
67077
67077
67077
67077
67077
67077
67077
67077
67077
67077
67077
67077
67077
67077
67077
67077
67077
66436
66436
66436
66436
66436
66436
66436
66436
66436
66436
66436
66436
66436
66436
66436
66436
66436
66436
66436
66436
66436
66436
66436
66436
66436
66436
66436
66436
66436
66436
64871
64871
64871
64871
64871
64871
64871
64871
64871
64871
64871
64871
64871
64871
64871
64871
64871
64871
64871
64871
64871
64871
64871
64871
64871
64871
64871
64871
64871
64871
64317
64317
64317
64317
64317
64317
64317
64317
64317
64317
64317
64317
64317
64317
64317
64317
64317
64317
64317
64317
64317
64317
64317
64317
64317
64317
64317
64317
64317
64317
65850
65850
65850
65850
65850
65850
65850
65850
65850
65850
65850
65850
65850
65850
65850
65850
65850
65850
65850
65850
65850
65850
65850
65850
65850
65850
65850
65850
65850
65850
67342
67342
67342
67342
67342
67342
67342
67342
67342
67342
67342
67342
67342
67342
67342
67342
67342
67342
67342
67342
67342
67342
67342
67342
67342
67342
67342
67342
67342
67342
68017
68017
68017
68017
68017
68017
68017
68017
68017
68017
68017
68017
68017
68017
68017
68017
68017
68017
68017
68017
68017
68017
68017
68017
68017
68017
68017
68017
68017
68017
68393
68393
68393
68393
68393
68393
68393
68393
68393
68393
68393
68393
68393
68393
68393
68393
68393
68393
68393
68393
68393
68393
68393
68393
68393
68393
68393
68393
68393
68393
68316
68316
68316
68316
68316
68316
68316
68316
68316
68316
68316
68316
68316
68316
68316
68316
68316
68316
68316
68316
68316
68316
68316
68316
68316
68316
68316
68316
68316
68316
68349
68349
68349
68349
68349
68349
68349
68349
68349
68349
68349
68349
68349
68349
68349
68349
68349
68349
68349
68349
68349
68349
68349
68349
68349
68349
68349
68349
68349
68349
68202
68202
68202
68202
68202
68202
68202
68202
68202
68202
68202
68202
68202
68202
68202
68202
68202
68202
68202
68202
68202
68202
68202
68202
68202
68202
68202
68202
68202
68202
67336
67336
67336
67336
67336
67336
67336
67336
67336
67336
67336
67336
67336
67336
67336
67336
67336
67336
67336
67336
67336
67336
67336
67336
67336
67336
67336
67336
67336
67336
64932
64932
64932
64932
64932
64932
64932
64932
64932
64932
64932
64932
64932
64932
64932
64932
64932
64932
64932
64932
64932
64932
64932
64932
64932
64932
64932
64932
64932
64932
65318
65318
65318
65318
65318
65318
65318
65318
65318
65318
65318
65318
65318
65318
65318
65318
65318
65318
65318
65318
65318
65318
65318
65318
65318
65318
65318
65318
65318
65318
68045
68045
68045
68045
68045
68045
68045
68045
68045
68045
68045
68045
68045
68045
68045
68045
68045
68045
68045
68045
68045
68045
68045
68045
68045
68045
68045
68045
68045
68045
69638
69638
69638
69638
69638
69638
69638
69638
69638
69638
69638
69638
69638
69638
69638
69638
69638
69638
69638
69638
69638
69638
69638
69638
69638
69638
69638
69638
69638
69638
68749
68749
68749
68749
68749
68749
68749
68749
68749
68749
68749
68749
68749
68749
68749
68749
68749
68749
68749
68749
68749
68749
68749
68749
68749
68749
68749
68749
68749
68749
67647
67647
67647
67647
67647
67647
67647
67647
67647
67647
67647
67647
67647
67647
67647
67647
67647
67647
67647
67647
67647
67647
67647
67647
67647
67647
67647
67647
67647
67647
66606
66606
66606
66606
66606
66606
66606
66606
66606
66606
66606
66606
66606
66606
66606
66606
66606
66606
66606
66606
66606
66606
66606
66606
66606
66606
66606
66606
66606
66606
66229
66229
66229
66229
66229
66229
66229
66229
66229
66229
66229
66229
66229
66229
66229
66229
66229
66229
66229
66229
66229
66229
66229
66229
66229
66229
66229
66229
66229
66229
66653
66653
66653
66653
66653
66653
66653
66653
66653
66653
66653
66653
66653
66653
66653
66653
66653
66653
66653
66653
66653
66653
66653
66653
66653
66653
66653
66653
66653
66653
66810
66810
66810
66810
66810
66810
66810
66810
66810
66810
66810
66810
66810
66810
66810
66810
66810
66810
66810
66810
66810
66810
66810
66810
66810
66810
66810
66810
66810
66810
65182
65182
65182
65182
65182
65182
65182
65182
65182
65182
65182
65182
65182
65182
65182
65182
65182
65182
65182
65182
65182
65182
65182
65182
65182
65182
65182
65182
65182
65182
63034
63034
63034
63034
63034
63034
63034
63034
63034
63034
63034
63034
63034
63034
63034
63034
63034
63034
63034
63034
63034
63034
63034
63034
63034
63034
63034
63034
63034
63034
60326
60326
60326
60326
60326
60326
60326
60326
60326
60326
60326
60326
60326
60326
60326
60326
60326
60326
60326
60326
60326
60326
60326
60326
60326
60326
60326
60326
60326
60326
57751
57751
57751
57751
57751
57751
57751
57751
57751
57751
57751
57751
57751
57751
57751
57751
57751
57751
57751
57751
57751
57751
57751
57751
57751
57751
57751
57751
57751
57751
