61547
61547
61547
61547
61547
61547
61547
61547
61547
61547
61547
61547
61547
61547
61547
61547
61547
61547
61547
61547
61547
61547
61547
61547
61547
61547
61547
61547
61547
61547
59941
59941
59941
59941
59941
59941
59941
59941
59941
59941
59941
59941
59941
59941
59941
59941
59941
59941
59941
59941
59941
59941
59941
59941
59941
59941
59941
59941
59941
59941
58373
58373
58373
58373
58373
58373
58373
58373
58373
58373
58373
58373
58373
58373
58373
58373
58373
58373
58373
58373
58373
58373
58373
58373
58373
58373
58373
58373
58373
58373
57416
57416
57416
57416
57416
57416
57416
57416
57416
57416
57416
57416
57416
57416
57416
57416
57416
57416
57416
57416
57416
57416
57416
57416
57416
57416
57416
57416
57416
57416
56507
56507
56507
56507
56507
56507
56507
56507
56507
56507
56507
56507
56507
56507
56507
56507
56507
56507
56507
56507
56507
56507
56507
56507
56507
56507
56507
56507
56507
56507
55874
55874
55874
55874
55874
55874
55874
55874
55874
55874
55874
55874
55874
55874
55874
55874
55874
55874
55874
55874
55874
55874
55874
55874
55874
55874
55874
55874
55874
55874
55454
55454
55454
55454
55454
55454
55454
55454
55454
55454
55454
55454
55454
55454
55454
55454
55454
55454
55454
55454
55454
55454
55454
55454
55454
55454
55454
55454
55454
55454
55033
55033
55033
55033
55033
55033
55033
55033
55033
55033
55033
55033
55033
55033
55033
55033
55033
55033
55033
55033
55033
55033
55033
55033
55033
55033
55033
55033
55033
55033
54966
54966
54966
54966
54966
54966
54966
54966
54966
54966
54966
54966
54966
54966
54966
54966
54966
54966
54966
54966
54966
54966
54966
54966
54966
54966
54966
54966
54966
54966
55159
55159
55159
55159
55159
55159
55159
55159
55159
55159
55159
55159
55159
55159
55159
55159
55159
55159
55159
55159
55159
55159
55159
55159
55159
55159
55159
55159
55159
55159
56105
56105
56105
56105
56105
56105
56105
56105
56105
56105
56105
56105
56105
56105
56105
56105
56105
56105
56105
56105
56105
56105
56105
56105
56105
56105
56105
56105
56105
56105
56774
56774
56774
56774
56774
56774
56774
56774
56774
56774
56774
56774
56774
56774
56774
56774
56774
56774
56774
56774
56774
56774
56774
56774
56774
56774
56774
56774
56774
56774
58144
58144
58144
58144
58144
58144
58144
58144
58144
58144
58144
58144
58144
58144
58144
58144
58144
58144
58144
58144
58144
58144
58144
58144
58144
58144
58144
58144
58144
58144
58162
58162
58162
58162
58162
58162
58162
58162
58162
58162
58162
58162
58162
58162
58162
58162
58162
58162
58162
58162
58162
58162
58162
58162
58162
58162
58162
58162
58162
58162
61180
61180
61180
61180
61180
61180
61180
61180
61180
61180
61180
61180
61180
61180
61180
61180
61180
61180
61180
61180
61180
61180
61180
61180
61180
61180
61180
61180
61180
61180
64801
64801
64801
64801
64801
64801
64801
64801
64801
64801
64801
64801
64801
64801
64801
64801
64801
64801
64801
64801
64801
64801
64801
64801
64801
64801
64801
64801
64801
64801
68696
68696
68696
68696
68696
68696
68696
68696
68696
68696
68696
68696
68696
68696
68696
68696
68696
68696
68696
68696
68696
68696
68696
68696
68696
68696
68696
68696
68696
68696
71553
71553
71553
71553
71553
71553
71553
71553
71553
71553
71553
71553
71553
71553
71553
71553
71553
71553
71553
71553
71553
71553
71553
71553
71553
71553
71553
71553
71553
71553
73557
73557
73557
73557
73557
73557
73557
73557
73557
73557
73557
73557
73557
73557
73557
73557
73557
73557
73557
73557
73557
73557
73557
73557
73557
73557
73557
73557
73557
73557
75293
75293
75293
75293
75293
75293
75293
75293
75293
75293
75293
75293
75293
75293
75293
75293
75293
75293
75293
75293
75293
75293
75293
75293
75293
75293
75293
75293
75293
75293
76639
76639
76639
76639
76639
76639
76639
76639
76639
76639
76639
76639
76639
76639
76639
76639
76639
76639
76639
76639
76639
76639
76639
76639
76639
76639
76639
76639
76639
76639
77716
77716
77716
77716
77716
77716
77716
77716
77716
77716
77716
77716
77716
77716
77716
77716
77716
77716
77716
77716
77716
77716
77716
77716
77716
77716
77716
77716
77716
77716
77834
77834
77834
77834
77834
77834
77834
77834
77834
77834
77834
77834
77834
77834
77834
77834
77834
77834
77834
77834
77834
77834
77834
77834
77834
77834
77834
77834
77834
77834
77357
77357
77357
77357
77357
77357
77357
77357
77357
77357
77357
77357
77357
77357
77357
77357
77357
77357
77357
77357
77357
77357
77357
77357
77357
77357
77357
77357
77357
77357
75728
75728
75728
75728
75728
75728
75728
75728
75728
75728
75728
75728
75728
75728
75728
75728
75728
75728
75728
75728
75728
75728
75728
75728
75728
75728
75728
75728
75728
75728
75594
75594
75594
75594
75594
75594
75594
75594
75594
75594
75594
75594
75594
75594
75594
75594
75594
75594
75594
75594
75594
75594
75594
75594
75594
75594
75594
75594
75594
75594
77346
77346
77346
77346
77346
77346
77346
77346
77346
77346
77346
77346
77346
77346
77346
77346
77346
77346
77346
77346
77346
77346
77346
77346
77346
77346
77346
77346
77346
77346
79250
79250
79250
79250
79250
79250
79250
79250
79250
79250
79250
79250
79250
79250
79250
79250
79250
79250
79250
79250
79250
79250
79250
79250
79250
79250
79250
79250
79250
79250
80050
80050
80050
80050
80050
80050
80050
80050
80050
80050
80050
80050
80050
80050
80050
80050
80050
80050
80050
80050
80050
80050
80050
80050
80050
80050
80050
80050
80050
80050
80404
80404
80404
80404
80404
80404
80404
80404
80404
80404
80404
80404
80404
80404
80404
80404
80404
80404
80404
80404
80404
80404
80404
80404
80404
80404
80404
80404
80404
80404
80302
80302
80302
80302
80302
80302
80302
80302
80302
80302
80302
80302
80302
80302
80302
80302
80302
80302
80302
80302
80302
80302
80302
80302
80302
80302
80302
80302
80302
80302
79921
79921
79921
79921
79921
79921
79921
79921
79921
79921
79921
79921
79921
79921
79921
79921
79921
79921
79921
79921
79921
79921
79921
79921
79921
79921
79921
79921
79921
79921
79197
79197
79197
79197
79197
79197
79197
79197
79197
79197
79197
79197
79197
79197
79197
79197
79197
79197
79197
79197
79197
79197
79197
79197
79197
79197
79197
79197
79197
79197
77679
77679
77679
77679
77679
77679
77679
77679
77679
77679
77679
77679
77679
77679
77679
77679
77679
77679
77679
77679
77679
77679
77679
77679
77679
77679
77679
77679
77679
77679
73793
73793
73793
73793
73793
73793
73793
73793
73793
73793
73793
73793
73793
73793
73793
73793
73793
73793
73793
73793
73793
73793
73793
73793
73793
73793
73793
73793
73793
73793
72000
72000
72000
72000
72000
72000
72000
72000
72000
72000
72000
72000
72000
72000
72000
72000
72000
72000
72000
72000
72000
72000
72000
72000
72000
72000
72000
72000
72000
72000
72238
72238
72238
72238
72238
72238
72238
72238
72238
72238
72238
72238
72238
72238
72238
72238
72238
72238
72238
72238
72238
72238
72238
72238
72238
72238
72238
72238
72238
72238
75088
75088
75088
75088
75088
75088
75088
75088
75088
75088
75088
75088
75088
75088
75088
75088
75088
75088
75088
75088
75088
75088
75088
75088
75088
75088
75088
75088
75088
75088
74993
74993
74993
74993
74993
74993
74993
74993
74993
74993
74993
74993
74993
74993
74993
74993
74993
74993
74993
74993
74993
74993
74993
74993
74993
74993
74993
74993
74993
74993
73942
73942
73942
73942
73942
73942
73942
73942
73942
73942
73942
73942
73942
73942
73942
73942
73942
73942
73942
73942
73942
73942
73942
73942
73942
73942
73942
73942
73942
73942
73070
73070
73070
73070
73070
73070
73070
73070
73070
73070
73070
73070
73070
73070
73070
73070
73070
73070
73070
73070
73070
73070
73070
73070
73070
73070
73070
73070
73070
73070
74107
74107
74107
74107
74107
74107
74107
74107
74107
74107
74107
74107
74107
74107
74107
74107
74107
74107
74107
74107
74107
74107
74107
74107
74107
74107
74107
74107
74107
74107
74807
74807
74807
74807
74807
74807
74807
74807
74807
74807
74807
74807
74807
74807
74807
74807
74807
74807
74807
74807
74807
74807
74807
74807
74807
74807
74807
74807
74807
74807
74918
74918
74918
74918
74918
74918
74918
74918
74918
74918
74918
74918
74918
74918
74918
74918
74918
74918
74918
74918
74918
74918
74918
74918
74918
74918
74918
74918
74918
74918
73642
73642
73642
73642
73642
73642
73642
73642
73642
73642
73642
73642
73642
73642
73642
73642
73642
73642
73642
73642
73642
73642
73642
73642
73642
73642
73642
73642
73642
73642
71684
71684
71684
71684
71684
71684
71684
71684
71684
71684
71684
71684
71684
71684
71684
71684
71684
71684
71684
71684
71684
71684
71684
71684
71684
71684
71684
71684
71684
71684
69295
69295
69295
69295
69295
69295
69295
69295
69295
69295
69295
69295
69295
69295
69295
69295
69295
69295
69295
69295
69295
69295
69295
69295
69295
69295
69295
69295
69295
69295
67054
67054
67054
67054
67054
67054
67054
67054
67054
67054
67054
67054
67054
67054
67054
67054
67054
67054
67054
67054
67054
67054
67054
67054
67054
67054
67054
67054
67054
67054
