48596
48596
48596
48596
48596
48596
48596
48596
48596
48596
48596
48596
48596
48596
48596
48596
48596
48596
48596
48596
48596
48596
48596
48596
48596
48596
48596
48596
48596
48596
47166
47166
47166
47166
47166
47166
47166
47166
47166
47166
47166
47166
47166
47166
47166
47166
47166
47166
47166
47166
47166
47166
47166
47166
47166
47166
47166
47166
47166
47166
45953
45953
45953
45953
45953
45953
45953
45953
45953
45953
45953
45953
45953
45953
45953
45953
45953
45953
45953
45953
45953
45953
45953
45953
45953
45953
45953
45953
45953
45953
45085
45085
45085
45085
45085
45085
45085
45085
45085
45085
45085
45085
45085
45085
45085
45085
45085
45085
45085
45085
45085
45085
45085
45085
45085
45085
45085
45085
45085
45085
44486
44486
44486
44486
44486
44486
44486
44486
44486
44486
44486
44486
44486
44486
44486
44486
44486
44486
44486
44486
44486
44486
44486
44486
44486
44486
44486
44486
44486
44486
44051
44051
44051
44051
44051
44051
44051
44051
44051
44051
44051
44051
44051
44051
44051
44051
44051
44051
44051
44051
44051
44051
44051
44051
44051
44051
44051
44051
44051
44051
43770
43770
43770
43770
43770
43770
43770
43770
43770
43770
43770
43770
43770
43770
43770
43770
43770
43770
43770
43770
43770
43770
43770
43770
43770
43770
43770
43770
43770
43770
43675
43675
43675
43675
43675
43675
43675
43675
43675
43675
43675
43675
43675
43675
43675
43675
43675
43675
43675
43675
43675
43675
43675
43675
43675
43675
43675
43675
43675
43675
44056
44056
44056
44056
44056
44056
44056
44056
44056
44056
44056
44056
44056
44056
44056
44056
44056
44056
44056
44056
44056
44056
44056
44056
44056
44056
44056
44056
44056
44056
44411
44411
44411
44411
44411
44411
44411
44411
44411
44411
44411
44411
44411
44411
44411
44411
44411
44411
44411
44411
44411
44411
44411
44411
44411
44411
44411
44411
44411
44411
45582
45582
45582
45582
45582
45582
45582
45582
45582
45582
45582
45582
45582
45582
45582
45582
45582
45582
45582
45582
45582
45582
45582
45582
45582
45582
45582
45582
45582
45582
47057
47057
47057
47057
47057
47057
47057
47057
47057
47057
47057
47057
47057
47057
47057
47057
47057
47057
47057
47057
47057
47057
47057
47057
47057
47057
47057
47057
47057
47057
49514
49514
49514
49514
49514
49514
49514
49514
49514
49514
49514
49514
49514
49514
49514
49514
49514
49514
49514
49514
49514
49514
49514
49514
49514
49514
49514
49514
49514
49514
50806
50806
50806
50806
50806
50806
50806
50806
50806
50806
50806
50806
50806
50806
50806
50806
50806
50806
50806
50806
50806
50806
50806
50806
50806
50806
50806
50806
50806
50806
52660
52660
52660
52660
52660
52660
52660
52660
52660
52660
52660
52660
52660
52660
52660
52660
52660
52660
52660
52660
52660
52660
52660
52660
52660
52660
52660
52660
52660
52660
55239
55239
55239
55239
55239
55239
55239
55239
55239
55239
55239
55239
55239
55239
55239
55239
55239
55239
55239
55239
55239
55239
55239
55239
55239
55239
55239
55239
55239
55239
58259
58259
58259
58259
58259
58259
58259
58259
58259
58259
58259
58259
58259
58259
58259
58259
58259
58259
58259
58259
58259
58259
58259
58259
58259
58259
58259
58259
58259
58259
60143
60143
60143
60143
60143
60143
60143
60143
60143
60143
60143
60143
60143
60143
60143
60143
60143
60143
60143
60143
60143
60143
60143
60143
60143
60143
60143
60143
60143
60143
61560
61560
61560
61560
61560
61560
61560
61560
61560
61560
61560
61560
61560
61560
61560
61560
61560
61560
61560
61560
61560
61560
61560
61560
61560
61560
61560
61560
61560
61560
62799
62799
62799
62799
62799
62799
62799
62799
62799
62799
62799
62799
62799
62799
62799
62799
62799
62799
62799
62799
62799
62799
62799
62799
62799
62799
62799
62799
62799
62799
64162
64162
64162
64162
64162
64162
64162
64162
64162
64162
64162
64162
64162
64162
64162
64162
64162
64162
64162
64162
64162
64162
64162
64162
64162
64162
64162
64162
64162
64162
65080
65080
65080
65080
65080
65080
65080
65080
65080
65080
65080
65080
65080
65080
65080
65080
65080
65080
65080
65080
65080
65080
65080
65080
65080
65080
65080
65080
65080
65080
65306
65306
65306
65306
65306
65306
65306
65306
65306
65306
65306
65306
65306
65306
65306
65306
65306
65306
65306
65306
65306
65306
65306
65306
65306
65306
65306
65306
65306
65306
64855
64855
64855
64855
64855
64855
64855
64855
64855
64855
64855
64855
64855
64855
64855
64855
64855
64855
64855
64855
64855
64855
64855
64855
64855
64855
64855
64855
64855
64855
63525
63525
63525
63525
63525
63525
63525
63525
63525
63525
63525
63525
63525
63525
63525
63525
63525
63525
63525
63525
63525
63525
63525
63525
63525
63525
63525
63525
63525
63525
62849
62849
62849
62849
62849
62849
62849
62849
62849
62849
62849
62849
62849
62849
62849
62849
62849
62849
62849
62849
62849
62849
62849
62849
62849
62849
62849
62849
62849
62849
63785
63785
63785
63785
63785
63785
63785
63785
63785
63785
63785
63785
63785
63785
63785
63785
63785
63785
63785
63785
63785
63785
63785
63785
63785
63785
63785
63785
63785
63785
64967
64967
64967
64967
64967
64967
64967
64967
64967
64967
64967
64967
64967
64967
64967
64967
64967
64967
64967
64967
64967
64967
64967
64967
64967
64967
64967
64967
64967
64967
65344
65344
65344
65344
65344
65344
65344
65344
65344
65344
65344
65344
65344
65344
65344
65344
65344
65344
65344
65344
65344
65344
65344
65344
65344
65344
65344
65344
65344
65344
65599
65599
65599
65599
65599
65599
65599
65599
65599
65599
65599
65599
65599
65599
65599
65599
65599
65599
65599
65599
65599
65599
65599
65599
65599
65599
65599
65599
65599
65599
65459
65459
65459
65459
65459
65459
65459
65459
65459
65459
65459
65459
65459
65459
65459
65459
65459
65459
65459
65459
65459
65459
65459
65459
65459
65459
65459
65459
65459
65459
65522
65522
65522
65522
65522
65522
65522
65522
65522
65522
65522
65522
65522
65522
65522
65522
65522
65522
65522
65522
65522
65522
65522
65522
65522
65522
65522
65522
65522
65522
65387
65387
65387
65387
65387
65387
65387
65387
65387
65387
65387
65387
65387
65387
65387
65387
65387
65387
65387
65387
65387
65387
65387
65387
65387
65387
65387
65387
65387
65387
65415
65415
65415
65415
65415
65415
65415
65415
65415
65415
65415
65415
65415
65415
65415
65415
65415
65415
65415
65415
65415
65415
65415
65415
65415
65415
65415
65415
65415
65415
64569
64569
64569
64569
64569
64569
64569
64569
64569
64569
64569
64569
64569
64569
64569
64569
64569
64569
64569
64569
64569
64569
64569
64569
64569
64569
64569
64569
64569
64569
67023
67023
67023
67023
67023
67023
67023
67023
67023
67023
67023
67023
67023
67023
67023
67023
67023
67023
67023
67023
67023
67023
67023
67023
67023
67023
67023
67023
67023
67023
68648
68648
68648
68648
68648
68648
68648
68648
68648
68648
68648
68648
68648
68648
68648
68648
68648
68648
68648
68648
68648
68648
68648
68648
68648
68648
68648
68648
68648
68648
68186
68186
68186
68186
68186
68186
68186
68186
68186
68186
68186
68186
68186
68186
68186
68186
68186
68186
68186
68186
68186
68186
68186
68186
68186
68186
68186
68186
68186
68186
67132
67132
67132
67132
67132
67132
67132
67132
67132
67132
67132
67132
67132
67132
67132
67132
67132
67132
67132
67132
67132
67132
67132
67132
67132
67132
67132
67132
67132
67132
66516
66516
66516
66516
66516
66516
66516
66516
66516
66516
66516
66516
66516
66516
66516
66516
66516
66516
66516
66516
66516
66516
66516
66516
66516
66516
66516
66516
66516
66516
65617
65617
65617
65617
65617
65617
65617
65617
65617
65617
65617
65617
65617
65617
65617
65617
65617
65617
65617
65617
65617
65617
65617
65617
65617
65617
65617
65617
65617
65617
65535
65535
65535
65535
65535
65535
65535
65535
65535
65535
65535
65535
65535
65535
65535
65535
65535
65535
65535
65535
65535
65535
65535
65535
65535
65535
65535
65535
65535
65535
65639
65639
65639
65639
65639
65639
65639
65639
65639
65639
65639
65639
65639
65639
65639
65639
65639
65639
65639
65639
65639
65639
65639
65639
65639
65639
65639
65639
65639
65639
65123
65123
65123
65123
65123
65123
65123
65123
65123
65123
65123
65123
65123
65123
65123
65123
65123
65123
65123
65123
65123
65123
65123
65123
65123
65123
65123
65123
65123
65123
63712
63712
63712
63712
63712
63712
63712
63712
63712
63712
63712
63712
63712
63712
63712
63712
63712
63712
63712
63712
63712
63712
63712
63712
63712
63712
63712
63712
63712
63712
61377
61377
61377
61377
61377
61377
61377
61377
61377
61377
61377
61377
61377
61377
61377
61377
61377
61377
61377
61377
61377
61377
61377
61377
61377
61377
61377
61377
61377
61377
58498
58498
58498
58498
58498
58498
58498
58498
58498
58498
58498
58498
58498
58498
58498
58498
58498
58498
58498
58498
58498
58498
58498
58498
58498
58498
58498
58498
58498
58498
55753
55753
55753
55753
55753
55753
55753
55753
55753
55753
55753
55753
55753
55753
55753
55753
55753
55753
55753
55753
55753
55753
55753
55753
55753
55753
55753
55753
55753
55753
