57332
57332
57332
57332
57332
57332
57332
57332
57332
57332
57332
57332
57332
57332
57332
57332
57332
57332
57332
57332
57332
57332
57332
57332
57332
57332
57332
57332
57332
57332
55762
55762
55762
55762
55762
55762
55762
55762
55762
55762
55762
55762
55762
55762
55762
55762
55762
55762
55762
55762
55762
55762
55762
55762
55762
55762
55762
55762
55762
55762
54417
54417
54417
54417
54417
54417
54417
54417
54417
54417
54417
54417
54417
54417
54417
54417
54417
54417
54417
54417
54417
54417
54417
54417
54417
54417
54417
54417
54417
54417
53296
53296
53296
53296
53296
53296
53296
53296
53296
53296
53296
53296
53296
53296
53296
53296
53296
53296
53296
53296
53296
53296
53296
53296
53296
53296
53296
53296
53296
53296
52451
52451
52451
52451
52451
52451
52451
52451
52451
52451
52451
52451
52451
52451
52451
52451
52451
52451
52451
52451
52451
52451
52451
52451
52451
52451
52451
52451
52451
52451
51914
51914
51914
51914
51914
51914
51914
51914
51914
51914
51914
51914
51914
51914
51914
51914
51914
51914
51914
51914
51914
51914
51914
51914
51914
51914
51914
51914
51914
51914
51511
51511
51511
51511
51511
51511
51511
51511
51511
51511
51511
51511
51511
51511
51511
51511
51511
51511
51511
51511
51511
51511
51511
51511
51511
51511
51511
51511
51511
51511
51349
51349
51349
51349
51349
51349
51349
51349
51349
51349
51349
51349
51349
51349
51349
51349
51349
51349
51349
51349
51349
51349
51349
51349
51349
51349
51349
51349
51349
51349
51332
51332
51332
51332
51332
51332
51332
51332
51332
51332
51332
51332
51332
51332
51332
51332
51332
51332
51332
51332
51332
51332
51332
51332
51332
51332
51332
51332
51332
51332
51540
51540
51540
51540
51540
51540
51540
51540
51540
51540
51540
51540
51540
51540
51540
51540
51540
51540
51540
51540
51540
51540
51540
51540
51540
51540
51540
51540
51540
51540
52463
52463
52463
52463
52463
52463
52463
52463
52463
52463
52463
52463
52463
52463
52463
52463
52463
52463
52463
52463
52463
52463
52463
52463
52463
52463
52463
52463
52463
52463
53634
53634
53634
53634
53634
53634
53634
53634
53634
53634
53634
53634
53634
53634
53634
53634
53634
53634
53634
53634
53634
53634
53634
53634
53634
53634
53634
53634
53634
53634
55164
55164
55164
55164
55164
55164
55164
55164
55164
55164
55164
55164
55164
55164
55164
55164
55164
55164
55164
55164
55164
55164
55164
55164
55164
55164
55164
55164
55164
55164
55269
55269
55269
55269
55269
55269
55269
55269
55269
55269
55269
55269
55269
55269
55269
55269
55269
55269
55269
55269
55269
55269
55269
55269
55269
55269
55269
55269
55269
55269
57317
57317
57317
57317
57317
57317
57317
57317
57317
57317
57317
57317
57317
57317
57317
57317
57317
57317
57317
57317
57317
57317
57317
57317
57317
57317
57317
57317
57317
57317
59747
59747
59747
59747
59747
59747
59747
59747
59747
59747
59747
59747
59747
59747
59747
59747
59747
59747
59747
59747
59747
59747
59747
59747
59747
59747
59747
59747
59747
59747
63204
63204
63204
63204
63204
63204
63204
63204
63204
63204
63204
63204
63204
63204
63204
63204
63204
63204
63204
63204
63204
63204
63204
63204
63204
63204
63204
63204
63204
63204
65872
65872
65872
65872
65872
65872
65872
65872
65872
65872
65872
65872
65872
65872
65872
65872
65872
65872
65872
65872
65872
65872
65872
65872
65872
65872
65872
65872
65872
65872
68126
68126
68126
68126
68126
68126
68126
68126
68126
68126
68126
68126
68126
68126
68126
68126
68126
68126
68126
68126
68126
68126
68126
68126
68126
68126
68126
68126
68126
68126
69922
69922
69922
69922
69922
69922
69922
69922
69922
69922
69922
69922
69922
69922
69922
69922
69922
69922
69922
69922
69922
69922
69922
69922
69922
69922
69922
69922
69922
69922
71254
71254
71254
71254
71254
71254
71254
71254
71254
71254
71254
71254
71254
71254
71254
71254
71254
71254
71254
71254
71254
71254
71254
71254
71254
71254
71254
71254
71254
71254
72159
72159
72159
72159
72159
72159
72159
72159
72159
72159
72159
72159
72159
72159
72159
72159
72159
72159
72159
72159
72159
72159
72159
72159
72159
72159
72159
72159
72159
72159
72527
72527
72527
72527
72527
72527
72527
72527
72527
72527
72527
72527
72527
72527
72527
72527
72527
72527
72527
72527
72527
72527
72527
72527
72527
72527
72527
72527
72527
72527
72158
72158
72158
72158
72158
72158
72158
72158
72158
72158
72158
72158
72158
72158
72158
72158
72158
72158
72158
72158
72158
72158
72158
72158
72158
72158
72158
72158
72158
72158
70633
70633
70633
70633
70633
70633
70633
70633
70633
70633
70633
70633
70633
70633
70633
70633
70633
70633
70633
70633
70633
70633
70633
70633
70633
70633
70633
70633
70633
70633
70105
70105
70105
70105
70105
70105
70105
70105
70105
70105
70105
70105
70105
70105
70105
70105
70105
70105
70105
70105
70105
70105
70105
70105
70105
70105
70105
70105
70105
70105
70966
70966
70966
70966
70966
70966
70966
70966
70966
70966
70966
70966
70966
70966
70966
70966
70966
70966
70966
70966
70966
70966
70966
70966
70966
70966
70966
70966
70966
70966
72029
72029
72029
72029
72029
72029
72029
72029
72029
72029
72029
72029
72029
72029
72029
72029
72029
72029
72029
72029
72029
72029
72029
72029
72029
72029
72029
72029
72029
72029
72850
72850
72850
72850
72850
72850
72850
72850
72850
72850
72850
72850
72850
72850
72850
72850
72850
72850
72850
72850
72850
72850
72850
72850
72850
72850
72850
72850
72850
72850
73428
73428
73428
73428
73428
73428
73428
73428
73428
73428
73428
73428
73428
73428
73428
73428
73428
73428
73428
73428
73428
73428
73428
73428
73428
73428
73428
73428
73428
73428
73698
73698
73698
73698
73698
73698
73698
73698
73698
73698
73698
73698
73698
73698
73698
73698
73698
73698
73698
73698
73698
73698
73698
73698
73698
73698
73698
73698
73698
73698
73670
73670
73670
73670
73670
73670
73670
73670
73670
73670
73670
73670
73670
73670
73670
73670
73670
73670
73670
73670
73670
73670
73670
73670
73670
73670
73670
73670
73670
73670
73281
73281
73281
73281
73281
73281
73281
73281
73281
73281
73281
73281
73281
73281
73281
73281
73281
73281
73281
73281
73281
73281
73281
73281
73281
73281
73281
73281
73281
73281
72451
72451
72451
72451
72451
72451
72451
72451
72451
72451
72451
72451
72451
72451
72451
72451
72451
72451
72451
72451
72451
72451
72451
72451
72451
72451
72451
72451
72451
72451
70548
70548
70548
70548
70548
70548
70548
70548
70548
70548
70548
70548
70548
70548
70548
70548
70548
70548
70548
70548
70548
70548
70548
70548
70548
70548
70548
70548
70548
70548
68560
68560
68560
68560
68560
68560
68560
68560
68560
68560
68560
68560
68560
68560
68560
68560
68560
68560
68560
68560
68560
68560
68560
68560
68560
68560
68560
68560
68560
68560
66505
66505
66505
66505
66505
66505
66505
66505
66505
66505
66505
66505
66505
66505
66505
66505
66505
66505
66505
66505
66505
66505
66505
66505
66505
66505
66505
66505
66505
66505
65134
65134
65134
65134
65134
65134
65134
65134
65134
65134
65134
65134
65134
65134
65134
65134
65134
65134
65134
65134
65134
65134
65134
65134
65134
65134
65134
65134
65134
65134
66021
66021
66021
66021
66021
66021
66021
66021
66021
66021
66021
66021
66021
66021
66021
66021
66021
66021
66021
66021
66021
66021
66021
66021
66021
66021
66021
66021
66021
66021
67814
67814
67814
67814
67814
67814
67814
67814
67814
67814
67814
67814
67814
67814
67814
67814
67814
67814
67814
67814
67814
67814
67814
67814
67814
67814
67814
67814
67814
67814
68626
68626
68626
68626
68626
68626
68626
68626
68626
68626
68626
68626
68626
68626
68626
68626
68626
68626
68626
68626
68626
68626
68626
68626
68626
68626
68626
68626
68626
68626
68626
68626
68626
68626
68626
68626
68626
68626
68626
68626
68626
68626
68626
68626
68626
68626
68626
68626
68626
68626
68626
68626
68626
68626
68626
68626
68626
68626
68626
68626
67970
67970
67970
67970
67970
67970
67970
67970
67970
67970
67970
67970
67970
67970
67970
67970
67970
67970
67970
67970
67970
67970
67970
67970
67970
67970
67970
67970
67970
67970
67589
67589
67589
67589
67589
67589
67589
67589
67589
67589
67589
67589
67589
67589
67589
67589
67589
67589
67589
67589
67589
67589
67589
67589
67589
67589
67589
67589
67589
67589
67854
67854
67854
67854
67854
67854
67854
67854
67854
67854
67854
67854
67854
67854
67854
67854
67854
67854
67854
67854
67854
67854
67854
67854
67854
67854
67854
67854
67854
67854
67294
67294
67294
67294
67294
67294
67294
67294
67294
67294
67294
67294
67294
67294
67294
67294
67294
67294
67294
67294
67294
67294
67294
67294
67294
67294
67294
67294
67294
67294
65190
65190
65190
65190
65190
65190
65190
65190
65190
65190
65190
65190
65190
65190
65190
65190
65190
65190
65190
65190
65190
65190
65190
65190
65190
65190
65190
65190
65190
65190
62890
62890
62890
62890
62890
62890
62890
62890
62890
62890
62890
62890
62890
62890
62890
62890
62890
62890
62890
62890
62890
62890
62890
62890
62890
62890
62890
62890
62890
62890
