-52.0
-132.0
-229.0
-354.0
-390.0
-365.0
-334.0
-326.0
-357.0
-341.0
-336.0
-405.0
-370.0
-380.0
-473.0
-485.0
-444.0
-385.0
-265.0
-117.0
93.0
229.0
179.0
170.0
-195.0
-264.0
-244.0
-239.0
-165.0
-72.0
38.0
60.0
-18.0
-43.0
-170.0
-235.0
-222.0
-246.0
-287.0
-286.0
-225.0
-248.0
-237.0
-220.0
-175.0
-88.0
-84.0
-96.0
-203.0
-252.0
-298.0
-333.0
-211.0
133.0
530.0
722.0
662.0
795.0
989.0
989.0
816.0
782.0
779.0
625.0
574.0
656.0
678.0
619.0
557.0
613.0
582.0
458.0
919.0
651.0
432.0
205.0
-50.0
-125.0
-86.0
-129.0
-309.0
-380.0
-382.0
-465.0
-552.0
-699.0
-670.0
-673.0
-723.0
-777.0
-851.0
-776.0
-793.0
-979.0
-1187.0
-1219.0
-283.0
-277.0
-259.0
-266.0
-295.0
-303.0
-269.0
-186.0
-101.0
-138.0
-104.0
-14.0
131.0
244.0
322.0
459.0
608.0
697.0
740.0
658.0
648.0
663.0
536.0
628.0
77.0
88.0
97.0
105.0
97.0
87.0
60.0
43.0
39.0
33.0
54.0
81.0
84.0
80.0
72.0
54.0
1.0
-47.0
-64.0
-84.0
-62.0
-85.0
-148.0
-181.0
754.0
388.0
353.0
196.0
184.0
69.0
-1.0
80.0
99.0
409.0
742.0
535.0
555.0
515.0
545.0
536.0
544.0
792.0
765.0
698.0
754.0
737.0
721.0
497.0
1429.0
1131.0
869.0
849.0
664.0
532.0
525.0
656.0
682.0
643.0
726.0
772.0
728.0
648.0
566.0
511.0
558.0
432.0
298.0
249.0
241.0
122.0
124.0
-73.0
613.0
461.0
323.0
162.0
63.0
109.0
144.0
116.0
119.0
170.0
19.0
-204.0
-90.0
-127.0
-156.0
-272.0
-179.0
27.0
330.0
640.0
721.0
562.0
668.0
588.0
342.0
97.0
-55.0
-37.0
47.0
30.0
-20.0
-139.0
-192.0
-405.0
-667.0
-689.0
-657.0
-712.0
-715.0
-733.0
-585.0
-187.0
-569.0
-839.0
-725.0
-648.0
-734.0
-698.0
-696.0
-469.0
-400.0
-272.0
-63.0
143.0
368.0
504.0
640.0
741.0
514.0
434.0
405.0
565.0
661.0
458.0
391.0
359.0
621.0
668.0
682.0
868.0
874.0
578.0
274.0
201.0
66.0
11.0
-198.0
-421.0
-489.0
-575.0
-605.0
-741.0
-807.0
-840.0
-870.0
-856.0
-719.0
-689.0
-634.0
-524.0
-370.0
-287.0
-196.0
-239.0
-288.0
-336.0
-252.0
-254.0
-272.0
-294.0
-298.0
-303.0
-306.0
-296.0
-286.0
-345.0
-404.0
-437.0
-441.0
-444.0
-450.0
-457.0
-446.0
-425.0
-391.0
-316.0
-249.0
-223.0
-244.0
-194.0
-687.0
-481.0
-414.0
-128.0
82.0
50.0
34.0
-24.0
120.0
156.0
-29.0
-145.0
-124.0
7.0
208.0
465.0
807.0
1068.0
1265.0
1384.0
1225.0
1363.0
1096.0
914.0
395.0
363.0
303.0
229.0
154.0
40.0
-72.0
-138.0
-243.0
-326.0
-388.0
-370.0
-346.0
-319.0
-293.0
-238.0
-209.0
-122.0
-42.0
61.0
128.0
222.0
244.0
225.0
222.0
187.0
201.0
249.0
299.0
296.0
350.0
296.0
338.0
403.0
416.0
406.0
431.0
421.0
475.0
551.0
589.0
612.0
716.0
609.0
529.0
442.0
330.0
366.0
1317.0
872.0
368.0
329.0
172.0
162.0
48.0
160.0
215.0
153.0
-14.0
-129.0
-219.0
-434.0
-648.0
-1002.0
-860.0
-1053.0
-1203.0
-831.0
-774.0
-829.0
-840.0
-880.0
-562.0
-648.0
-766.0
-576.0
-582.0
-626.0
-571.0
-564.0
-613.0
-615.0
-680.0
-702.0
-702.0
-645.0
-687.0
-658.0
-696.0
-756.0
-662.0
-644.0
-679.0
-644.0
-603.0
-500.0
-1270.0
-1071.0
-895.0
-467.0
-315.0
-274.0
-485.0
-612.0
-787.0
-1032.0
-1179.0
-1080.0
-996.0
-825.0
-750.0
-873.0
-1008.0
-901.0
-886.0
-837.0
-850.0
-879.0
-966.0
-993.0
-161.0
-146.0
-137.0
-121.0
-92.0
-30.0
-4.0
58.0
155.0
264.0
275.0
362.0
490.0
575.0
659.0
677.0
631.0
554.0
445.0
325.0
221.0
168.0
120.0
49.0
-301.0
-308.0
-278.0
-258.0
-244.0
-219.0
-247.0
-268.0
-254.0
-238.0
-254.0
-293.0
-325.0
-332.0
-333.0
-329.0
-315.0
-312.0
-283.0
-290.0
-340.0
-352.0
-376.0
-382.0
-904.0
-627.0
-714.0
-725.0
-670.0
-649.0
-649.0
-676.0
-709.0
-698.0
-706.0
-719.0
-622.0
-571.0
-566.0
-643.0
-660.0
-624.0
-530.0
-414.0
-312.0
-158.0
67.0
287.0
-1557.0
-1110.0
-923.0
-864.0
-1011.0
-895.0
-943.0
-890.0
-904.0
-947.0
-1103.0
-883.0
-609.0
-311.0
-9.0
180.0
-36.0
-119.0
48.0
177.0
173.0
58.0
-152.0
-375.0
0.0
-57.0
-69.0
-81.0
-69.0
-113.0
-68.0
-42.0
1.0
76.0
274.0
352.0
384.0
425.0
526.0
552.0
607.0
618.0
570.0
551.0
440.0
362.0
258.0
204.0
-500.0
-569.0
-583.0
-711.0
-799.0
-626.0
-639.0
-575.0
-540.0
-614.0
-695.0
-668.0
-688.0
-670.0
-637.0
-605.0
-582.0
-576.0
-588.0
-640.0
-666.0
-648.0
-662.0
-667.0
-951.0
-806.0
-783.0
-722.0
-706.0
-726.0
-721.0
-763.0
-715.0
-700.0
-730.0
-755.0
-744.0
-693.0
-647.0
-563.0
-504.0
-487.0
-463.0
-395.0
-349.0
-362.0
-389.0
-439.0
-941.0
-700.0
-688.0
-645.0
-524.0
-407.0
-333.0
-78.0
272.0
294.0
262.0
350.0
472.0
592.0
707.0
801.0
877.0
1116.0
1070.0
1156.0
874.0
745.0
720.0
826.0
811.0
606.0
512.0
300.0
106.0
40.0
260.0
925.0
1031.0
981.0
678.0
597.0
773.0
626.0
624.0
530.0
173.0
-1.0
171.0
208.0
181.0
150.0
133.0
205.0
1042.0
697.0
683.0
485.0
267.0
206.0
150.0
-51.0
-192.0
-353.0
-452.0
-663.0
-744.0
-775.0
-762.0
-752.0
-781.0
-803.0
-801.0
-778.0
-755.0
-775.0
-749.0
-651.0
-787.0
-552.0
-247.0
-60.0
-26.0
-2.0
135.0
99.0
137.0
-98.0
-349.0
-432.0
-684.0
-849.0
-832.0
-801.0
-950.0
-968.0
-566.0
-465.0
-371.0
-477.0
-507.0
-535.0
