365
-2
259
407
244
3
132
103
151
78
14
-134
408
192
-113
-376
197
-361
-417
-323
-210
-121
240
157
465
-160
-209
-206
345
478
135
-331
-418
188
225
448
-695
209
503
754
365
329
-30
320
428
131
284
867
290
61
-90
-335
-321
-525
-654
-518
-238
-242
-44
371
721
1055
1239
1138
1058
893
351
-675
-912
-65
446
779
431
427
307
35
-69
-301
-251
-447
-533
-1029
-493
-154
-222
-143
-265
-490
-686
-749
-788
-911
-968
-663
-238
155
92
178
-48
-7
-27
-5
-104
-250
-405
-427
-186
34
-276
-99
-81
-138
20
-231
107
-183
-116
-62
-189
-234
-165
-111
-175
-369
-414
-345
-247
-445
-213
-265
-330
-77
-345
-229
13
394
327
249
351
217
316
493
461
500
295
221
-253
-266
-322
79
-114
-441
-168
-223
-194
-649
-634
-376
-314
-95
557
723
612
291
241
119
330
181
18
334
-6
-119
86
-87
320
678
34
313
699
826
800
837
774
464
375
767
882
552
803
701
800
109
-62
-174
-193
46
75
-3
21
-78
-161
-398
-353
-21
298
294
348
123
36
0
-204
-111
-143
-651
-572
-440
-396
-396
-252
8
-15
-87
-102
-107
-64
-29
-43
-23
26
-78
-114
-108
-149
-204
-246
-284
-57
226
336
170
323
268
185
372
194
514
239
313
305
-147
213
299
-100
-27
-130
-433
-384
-227
-138
63
494
678
887
322
338
366
522
512
413
16
16
-384
-218
-67
249
-165
-94
145
127
48
-160
26
-157
-455
-373
-176
-497
227
172
225
-20
185
-23
-135
-160
7
-314
-708
-818
-665
-188
-246
-309
-352
-563
-705
-693
-530
-331
185
546
-106
207
290
105
-53
-15
157
173
530
478
21
446
655
582
486
351
253
275
368
408
422
246
351
361
374
148
124
-17
140
133
-69
-241
-99
-161
-255
-213
-162
-221
-228
-154
-157
-224
-148
-146
-218
-187
-158
-209
-180
-253
-345
-487
-390
-356
-357
-393
-479
-646
-798
-847
-904
-762
-597
-490
-466
-477
-511
-579
-656
-661
-641
-585
-580
-376
-208
-230
-286
-312
-415
-417
-539
-517
-488
-283
-14
154
241
195
292
536
698
872
878
826
865
978
487
590
761
934
694
441
602
752
602
511
325
321
159
-51
-241
-192
-85
-124
-117
-174
-93
-398
-473
-362
542
511
367
46
491
680
883
621
271
178
251
154
82
166
258
132
276
245
145
136
228
-78
-210
-156
-254
-122
134
268
13
-163
-78
23
-71
-83
471
106
97
-14
-52
23
52
77
66
-72
-352
-550
-612
-556
4
-370
361
7
174
77
296
371
13
304
544
248
20
62
408
290
330
431
384
118
-283
-735
-609
-211
136
207
46
386
260
257
-107
-339
-318
-601
-255
128
872
324
-228
-15
74
138
8
-94
-388
-867
-660
-322
-107
-36
-51
-56
-44
-62
-5
8
168
31
-166
172
168
133
192
21
120
290
320
173
-294
-104
103
93
55
239
245
74
181
499
95
234
353
299
654
616
161
146
347
497
421
181
359
547
450
408
344
393
432
-157
-378
-283
-242
-157
-266
-174
-331
-809
-900
-595
-339
-355
-160
-329
-51
267
382
275
158
-232
-248
-243
-576
-488
-452
-392
-253
139
79
-609
-603
-499
-362
-76
325
493
321
170
395
612
625
783
333
-158
-344
-410
-193
-466
-541
-492
-377
-361
-415
-502
-439
-449
-520
-391
-401
-325
-327
-343
-372
-406
-446
-425
-275
-220
-325
-218
-42
-243
-334
-394
-400
-362
-389
-355
-466
-560
-586
-493
-389
-354
-360
-285
-259
-187
-107
-51
-97
60
335
433
-518
-633
-651
-538
-203
-249
-172
158
-88
-208
-37
10
291
319
473
275
250
497
558
738
330
-402
-555
-658
