-53
-179
-171
-253
-148
-46
-101
-277
-95
-79
-283
-131
27
-50
-59
-58
-117
-149
-121
-93
91
218
292
308
170
68
49
-20
-13
-37
-37
-246
-415
-451
-415
-352
-222
-190
-199
-212
-191
-193
-145
-173
-162
-63
-52
-110
-154
-275
-333
-287
-293
-274
-297
-285
-267
-289
-267
-256
-202
-172
-223
-214
-225
-277
-271
-233
-208
-231
-278
-86
-89
-41
-63
-30
-28
-18
-34
-47
-97
-138
-132
-103
-95
-79
-62
-25
12
66
90
112
123
245
470
513
831
988
694
396
206
61
108
93
-158
-265
-110
247
124
-41
-123
-62
-83
179
190
236
298
506
870
225
35
31
-162
170
299
195
69
-284
68
-13
664
145
-151
136
32
-74
111
21
-1
-36
158
264
51
-17
-108
-101
-55
179
-15
-108
3
33
-2
22
17
-138
-34
17
55
73
60
55
-9
-37
157
159
367
243
385
447
754
745
441
240
94
67
-187
-233
-24
14
-157
-280
-304
-87
92
-43
-80
-221
-146
-93
-27
-202
-223
-300
-168
-243
-166
-211
-182
-176
-255
-244
-194
-134
-130
-122
-137
-86
-99
-54
-74
-121
-201
-174
-94
-164
-238
-187
-90
-67
-88
-46
35
93
24
-71
-62
-54
-36
1
167
275
323
178
-70
-133
-187
-147
-20
42
-280
-134
-129
-217
-237
-243
-203
-215
-147
-164
-194
-209
-197
-147
-168
-182
-144
-151
-123
-85
-122
3
223
-78
54
55
124
167
220
343
294
243
86
-416
-201
7
157
428
-46
-93
-64
-9
-32
61
442
916
786
-222
518
751
356
-88
-332
-259
-181
-311
-646
-669
-380
109
367
371
463
273
209
222
111
360
55
-151
-317
295
287
-50
-29
1
-110
-117
-340
-532
-550
-488
-435
-575
-382
-262
-194
-56
-123
-211
-165
-132
-31
216
361
5
-45
-106
-102
-141
-191
-195
-59
5
-286
-311
-325
-198
-52
81
674
654
684
615
556
312
142
482
660
26
-141
631
226
1
-286
313
-294
-205
-206
-118
-152
-210
-228
-86
96
-7
173
189
182
-325
206
219
-174
369
173
-51
449
-105
97
414
197
-30
-415
-375
-225
-134
23
241
562
468
589
-49
-375
-166
-185
-117
267
524
522
308
44
-96
-105
60
-129
-54
-10
-16
163
2
-54
608
526
276
-295
99
27
-227
151
49
-80
-96
155
114
200
124
59
-53
-138
-160
0
-85
4
9
161
138
3
-51
-56
140
-228
38
19
173
147
-62
77
223
413
283
300
161
23
-93
-338
-466
-481
-251
-43
-4
-15
183
103
-30
-62
9
-59
-36
23
-100
-66
-35
-188
-218
-228
-181
-221
-294
-390
-334
-171
-73
57
8
-3
35
-15
-110
-190
-259
-226
-163
-170
-68
-122
-119
-119
-130
-126
-153
-174
-194
-227
-216
-188
-160
-125
-145
-162
-162
-158
-163
-170
-177
-155
-141
-151
-420
-356
-311
-304
-287
-306
-324
-312
-293
-337
-353
-314
-247
-220
-163
-43
406
677
357
13
-231
-322
-319
-207
194
386
410
323
264
507
433
252
-316
-545
-580
-294
-195
-313
-487
-547
-547
-406
-367
-286
-163
-183
-78
-19
239
275
25
115
112
88
70
147
26
-15
-32
-20
45
32
60
137
156
176
288
244
-21
81
124
14
0
-65
-66
-101
-122
-180
-166
-125
-150
-274
-260
-225
-174
-128
-94
-132
-213
-177
-161
-128
-157
-42
105
167
163
291
382
287
42
-47
-117
-69
-88
-368
-513
-523
-466
-410
-320
-323
-259
-126
-239
-321
-313
-260
-176
-62
297
254
360
212
45
-17
108
178
279
-10
-34
93
111
154
178
342
419
447
658
691
115
159
510
799
171
166
402
428
226
205
226
-8
-239
-849
-1309
-1225
-950
-378
245
535
609
552
570
184
-230
-132
293
486
65
125
156
21
-85
53
-215
-175
-246
-408
-461
-73
235
512
560
463
308
177
-142
-184
-452
54
596
263
