869
817
690
723
599
518
559
291
218
137
136
109
-47
21
-46
-182
-182
-217
-271
-427
-397
-411
-387
-386
-449
-483
-589
-588
-729
-869
747
701
578
548
402
423
362
241
369
245
240
175
102
43
75
34
29
-84
-43
-79
-224
-201
-299
-375
-427
-463
-455
-462
-591
-645
625
670
639
607
534
582
444
463
409
399
271
275
179
171
190
71
28
32
-45
35
-48
-101
-215
-244
-246
-290
-376
-335
-356
-366
479
543
486
512
490
458
365
351
252
180
94
100
82
47
55
-44
5
-7
-101
-106
-110
-135
-149
-114
-111
-109
-139
-96
-90
-124
441
464
335
338
384
376
293
211
275
193
205
188
220
191
162
115
48
-27
33
-21
-60
-31
-109
-124
-201
-126
-93
-167
-184
-138
526
505
426
483
385
399
428
475
399
428
430
453
439
504
459
401
375
307
327
213
173
260
233
257
242
287
284
266
259
209
508
528
434
278
205
289
285
293
315
249
301
305
337
334
346
288
299
296
345
399
359
353
411
300
250
289
203
143
39
-18
175
148
114
120
109
30
54
15
30
50
75
187
172
208
262
321
329
259
154
171
171
186
241
203
207
241
209
208
223
169
-104
-30
-47
12
13
-32
70
79
117
87
333
316
294
202
284
260
290
325
342
339
352
359
338
270
348
353
374
379
390
459
-145
-223
-251
-153
-208
-291
-197
-208
-168
-63
-21
-56
42
121
113
118
181
207
323
289
185
304
321
360
416
412
371
429
421
566
-768
-644
-669
-609
-551
-456
-388
-269
-148
25
73
123
257
218
257
264
210
320
451
549
361
472
580
667
711
683
806
818
878
910
-444
-474
-362
-315
-259
-343
-321
-238
-210
-130
-164
-115
-96
35
26
116
112
219
285
401
437
548
688
858
876
992
1005
1092
1116
1178
-1181
-1030
-1023
-880
-662
-442
-393
-209
-77
71
157
283
392
473
636
701
723
882
943
988
931
1001
1016
1137
1227
1403
1360
1375
1246
1246
795
704
685
579
660
684
529
571
623
665
622
665
714
581
623
550
516
472
481
394
364
371
392
349
308
379
355
454
534
541
-1689
-1490
-1351
-1256
-1170
-979
-962
-779
-607
-451
-310
-215
-36
30
225
303
331
402
599
717
782
858
974
983
1016
1096
1321
1394
1559
1667
-1021
-1028
-781
-730
-660
-503
-481
-502
-430
-197
-101
60
123
268
353
434
584
674
774
783
797
887
1010
1074
1113
1163
1237
1280
1433
1584
-1368
-1406
-1232
-1070
-927
-859
-736
-649
-527
-472
-232
-131
-13
68
138
340
294
349
342
434
624
668
770
903
916
1053
1147
1170
1310
1444
-638
-425
-335
-193
-144
-103
-85
42
22
75
143
221
325
346
411
533
465
481
519
756
785
882
883
937
915
951
964
1073
1005
1063
-467
-319
-314
-300
-235
-188
-157
-128
-166
-30
70
59
113
210
193
177
177
685
783
776
780
932
911
865
889
1014
966
1052
1076
1138
-169
-163
-87
-53
-22
34
30
45
114
145
222
320
320
390
366
404
444
485
565
610
707
551
628
625
798
879
927
994
993
1090
-332
-259
-321
-328
-294
-199
-94
21
45
92
179
157
250
277
332
374
396
419
419
404
408
478
549
566
565
613
628
727
790
850
-174
-130
-74
-24
78
67
143
102
194
281
365
403
376
419
530
467
469
472
464
421
449
527
528
583
554
570
454
505
396
466
341
179
127
142
138
192
280
326
344
433
385
442
455
487
499
538
558
491
505
503
512
527
513
513
486
486
486
506
517
341
919
827
699
701
746
735
711
719
727
705
814
774
740
788
848
845
890
835
699
628
503
504
374
264
150
101
29
-36
-132
-190
1198
1148
1024
981
887
813
818
715
709
665
702
621
687
548
489
434
342
233
255
189
305
250
199
126
142
170
122
98
29
31
506
565
455
564
365
410
368
485
456
384
439
441
338
405
352
296
351
248
397
374
289
239
187
210
215
216
184
181
181
194
-1149
-1029
-937
-859
-803
-581
-460
-320
-97
-41
19
138
183
268
390
416
463
504
482
572
530
565
645
757
842
877
900
875
1059
989
-420
-326
-228
-263
-206
-169
-103
-74
56
78
173
199
204
254
310
343
376
382
407
438
450
550
529
478
443
456
450
449
524
478
-167
-72
-59
-64
-56
46
27
13
75
174
176
144
214
285
305
313
252
369
475
584
642
673
647
677
747
743
757
712
691
695
359
430
466
445
526
491
466
494
502
571
531
566
527
565
617
583
650
534
532
540
558
630
597
576
572
518
507
461
413
454
583
538
498
528
565
568
588
614
685
642
664
699
672
580
556
644
720
791
905
886
884
860
889
813
743
796
915
924
932
959
812
862
850
849
757
790
752
876
866
909
926
943
778
782
822
772
689
690
717
644
645
650
676
610
697
705
686
693
597
635
704
736
691
723
698
736
562
390
460
488
644
615
677
621
555
460
426
446
529
466
500
431
360
461
478
473
515
464
443
440
1054
992
1011
950
983
914
871
798
809
700
514
495
517
438
440
490
447
302
310
191
114
126
-5
-127
-189
-351
-471
-506
-562
-792
1406
1191
1058
942
757
742
612
528
625
624
442
298
339
201
177
266
228
159
182
66
38
61
-14
-63
-58
-96
-115
-67
-106
-218
-632
-651
-683
-687
-657
-581
-565
-488
-518
-405
-389
-309
-291
-201
-213
-151
-123
-55
-64
-31
85
146
169
326
388
415
393
428
581
539
-2187
-2222
-2158
-2206
-2101
-1945
-1800
-1693
-1616
-1487
-1394
-1232
-1135
-969
-890
-666
-492
-434
-347
-274
-190
-133
12
112
297
650
867
1064
1168
1227
-187
-173
-108
-71
-64
101
58
228
189
267
259
171
63
91
80
-59
-69
-96
-15
-121
-177
-194
-284
-386
-423
-667
-641
-797
-797
-858
16
-106
-221
-279
-270
-390
-500
-477
-643
-668
-585
-628
-547
-490
-452
-411
-434
-364
-363
-413
-406
-539
-509
-587
-484
-545
-525
-542
-468
-598
429
364
318
298
206
154
39
-44
-113
-174
-247
-306
-410
-428
-352
-504
-492
-595
-522
-619
-770
-625
-741
-611
-630
-733
-841
-820
-898
-965
54
-3
10
52
42
102
82
129
195
107
-62
-185
-263
-266
-338
-100
-79
-352
0
6
-150
-62
-209
-228
-206
-311
-437
-457
-565
-637
-212
-215
-298
-277
-229
-153
-197
-137
-120
-105
-114
-33
-23
73
107
38
36
2
149
136
145
109
108
46
-118
-297
-267
-204
-120
-293
-901
-879
-776
-765
-649
-299
-351
-213
6
64
137
249
217
300
303
282
401
451
429
492
414
333
350
237
334
230
120
-3
54
-162
-317
-318
-469
-409
-396
-378
-318
-161
-163
119
45
40
94
88
71
23
-108
-211
-215
-265
-347
-341
-354
-384
-441
-349
-234
-121
-67
-154
1316
1076
838
836
740
617
652
510
337
452
348
300
64
-75
-255
-375
-501
-611
-563
-699
-722
-687
-855
-1014
-1052
-982
-998
-962
-962
-1043
1174
1129
1247
1127
1124
1105
976
797
849
823
712
693
605
630
487
331
201
59
-81
-278
-273
-436
-432
-516
-537
-688
-680
-682
-814
-870
1680
1616
1473
1471
1315
1302
1132
985
859
702
656
434
413
325
106
-81
-163
-380
-401
-463
-686
-740
-848
-994
-1213
-1288
-1302
-1555
-1720
-1760
737
648
604
542
464
365
298
113
134
79
66
-18
-111
-137
-158
-346
-443
-442
-567
-655
-737
-845
-1052
-1086
-1233
-1182
-1412
-1559
-1791
-1811
