-93.0
68.0
-1.0
-60.0
-110.0
21.0
-227.0
396.0
251.0
131.0
450.0
607.0
486.0
423.0
476.0
459.0
537.0
460.0
187.0
220.0
-4.0
-136.0
201.0
137.0
12.0
20.0
-93.0
-249.0
-106.0
-47.0
-205.0
-177.0
-319.0
220.0
220.0
190.0
-175.0
-202.0
-178.0
-54.0
-110.0
-45.0
200.0
18.0
-235.0
-381.0
-582.0
-327.0
-483.0
-333.0
-460.0
-689.0
-545.0
-260.0
-205.0
-247.0
-35.0
-127.0
-318.0
-504.0
-571.0
-482.0
-392.0
-427.0
-367.0
-136.0
-46.0
-243.0
32.0
-33.0
-168.0
-540.0
-558.0
-496.0
-565.0
-569.0
-506.0
-643.0
-624.0
-602.0
-563.0
-708.0
-660.0
-632.0
-565.0
-543.0
-510.0
-481.0
-453.0
-449.0
-425.0
-241.0
-108.0
-131.0
-253.0
-17.0
-20.0
-62.0
-54.0
-83.0
-109.0
-133.0
-106.0
-83.0
11.0
-70.0
-129.0
-136.0
-141.0
-122.0
-92.0
-108.0
-73.0
-56.0
-10.0
-7.0
-17.0
-40.0
-9.0
-474.0
-256.0
-255.0
-266.0
-312.0
-310.0
-297.0
-312.0
-327.0
-294.0
-228.0
-245.0
-243.0
-275.0
-337.0
-290.0
-221.0
-151.0
-248.0
-310.0
-119.0
3.0
8.0
128.0
-295.0
-375.0
-436.0
-290.0
-201.0
-337.0
-464.0
-706.0
-593.0
-281.0
-434.0
-681.0
-494.0
93.0
516.0
768.0
872.0
802.0
696.0
280.0
6.0
228.0
453.0
705.0
139.0
-127.0
-213.0
-237.0
-157.0
-345.0
-208.0
3.0
-231.0
-287.0
-258.0
-24.0
138.0
-50.0
-364.0
-297.0
-133.0
-340.0
-494.0
-441.0
-499.0
-296.0
-282.0
-472.0
-256.0
-152.0
-213.0
-239.0
-309.0
-507.0
-436.0
-419.0
-369.0
-358.0
-404.0
-443.0
-413.0
-408.0
-387.0
-393.0
-427.0
-426.0
-361.0
-255.0
-182.0
-19.0
22.0
575.0
-45.0
-222.0
48.0
212.0
317.0
393.0
471.0
414.0
313.0
-270.0
-150.0
-721.0
-471.0
-463.0
-233.0
69.0
105.0
111.0
248.0
19.0
259.0
863.0
1045.0
950.0
272.0
257.0
239.0
213.0
311.0
279.0
9.0
-397.0
69.0
66.0
-197.0
-6.0
-117.0
-327.0
-419.0
-3.0
410.0
159.0
326.0
59.0
151.0
-94.0
-97.0
-101.0
514.0
181.0
684.0
260.0
480.0
-90.0
-110.0
-30.0
115.0
-71.0
292.0
272.0
-208.0
-190.0
-41.0
-6.0
7.0
-61.0
-136.0
-193.0
-562.0
-256.0
45.0
-136.0
101.0
29.0
-246.0
-94.0
-50.0
-193.0
-199.0
-133.0
-311.0
-253.0
-525.0
-369.0
-95.0
-97.0
-129.0
-17.0
98.0
-61.0
-316.0
-682.0
-712.0
-456.0
-217.0
-213.0
141.0
244.0
263.0
316.0
558.0
716.0
719.0
571.0
670.0
804.0
229.0
-245.0
191.0
775.0
699.0
533.0
647.0
843.0
810.0
115.0
362.0
617.0
707.0
340.0
-33.0
-234.0
-10.0
-104.0
-111.0
-383.0
-23.0
317.0
178.0
27.0
-618.0
-339.0
-51.0
154.0
173.0
-3.0
436.0
161.0
112.0
-285.0
-434.0
-334.0
-222.0
-229.0
-1416.0
-1009.0
-895.0
-800.0
-546.0
-291.0
-132.0
-192.0
-324.0
-163.0
-455.0
-83.0
85.0
-246.0
-219.0
-8.0
222.0
33.0
-260.0
-531.0
-974.0
-950.0
-775.0
-616.0
-443.0
-48.0
-122.0
-128.0
38.0
48.0
41.0
185.0
-49.0
-132.0
-274.0
-475.0
-230.0
-249.0
-233.0
-263.0
-382.0
-390.0
-418.0
-542.0
-460.0
-118.0
271.0
313.0
146.0
205.0
236.0
387.0
704.0
523.0
292.0
376.0
177.0
317.0
406.0
570.0
843.0
691.0
570.0
442.0
478.0
395.0
238.0
462.0
696.0
832.0
975.0
1045.0
948.0
457.0
488.0
254.0
462.0
103.0
25.0
84.0
-233.0
-235.0
-535.0
-482.0
-487.0
-720.0
-853.0
-952.0
-1048.0
-1148.0
-1032.0
-1016.0
-703.0
-227.0
-354.0
-578.0
15.0
-147.0
-144.0
-216.0
348.0
-111.0
-702.0
-680.0
-123.0
-54.0
127.0
-351.0
-80.0
99.0
-101.0
-335.0
-286.0
-125.0
-103.0
-382.0
6.0
231.0
159.0
-257.0
393.0
177.0
151.0
-325.0
-169.0
-271.0
-241.0
-324.0
-251.0
-228.0
-672.0
-817.0
-925.0
-807.0
-840.0
-790.0
-756.0
-582.0
-415.0
-146.0
100.0
755.0
797.0
906.0
741.0
482.0
148.0
253.0
144.0
218.0
238.0
121.0
437.0
345.0
-20.0
-232.0
-277.0
-337.0
-397.0
-119.0
118.0
127.0
-32.0
203.0
634.0
592.0
397.0
599.0
-130.0
225.0
475.0
567.0
346.0
158.0
251.0
291.0
505.0
567.0
453.0
412.0
438.0
465.0
444.0
621.0
345.0
745.0
785.0
419.0
484.0
213.0
-93.0
-298.0
103.0
-218.0
-377.0
-415.0
-193.0
-508.0
-482.0
-695.0
-925.0
-869.0
-1035.0
-903.0
-486.0
-504.0
-536.0
-314.0
-129.0
-278.0
-560.0
-590.0
-360.0
-300.0
-198.0
-12.0
-416.0
-325.0
-497.0
-315.0
-370.0
-224.0
-417.0
-258.0
-244.0
-174.0
-705.0
-1015.0
-665.0
-312.0
-654.0
-704.0
-723.0
-547.0
-343.0
-204.0
329.0
805.0
907.0
977.0
-1.0
-5.0
15.0
-318.0
-208.0
-53.0
-69.0
-224.0
-492.0
-476.0
-399.0
-414.0
-474.0
-234.0
14.0
-199.0
167.0
201.0
376.0
647.0
628.0
743.0
846.0
635.0
-3.0
-152.0
-426.0
-142.0
-255.0
-253.0
-404.0
-200.0
103.0
37.0
245.0
155.0
386.0
437.0
341.0
37.0
29.0
100.0
-99.0
120.0
157.0
153.0
3.0
6.0
154.0
468.0
335.0
681.0
575.0
392.0
482.0
734.0
551.0
485.0
354.0
155.0
101.0
14.0
240.0
262.0
81.0
-131.0
-409.0
-786.0
-894.0
-835.0
-779.0
-1074.0
-324.0
60.0
-85.0
-249.0
-205.0
-170.0
-111.0
-169.0
-174.0
-220.0
-187.0
-208.0
-394.0
-425.0
-327.0
-286.0
-198.0
-164.0
-246.0
-178.0
-4.0
14.0
110.0
-180.0
-701.0
-641.0
-202.0
-299.0
-400.0
-341.0
-338.0
224.0
354.0
450.0
763.0
918.0
979.0
483.0
226.0
26.0
118.0
8.0
461.0
458.0
629.0
415.0
521.0
561.0
