1638
1482
1447
1388
1254
1151
1129
1199
1123
1049
919
872
751
704
637
530
563
529
369
254
144
117
45
-23
-179
-159
-271
-372
-450
-510
929
794
757
740
682
490
511
458
376
299
204
62
-86
-144
-175
-339
-418
-493
-548
-543
-679
-675
-704
-692
-772
-753
-934
-977
-958
-1029
466
449
288
236
289
167
191
86
73
-24
-39
-81
-224
-213
-326
-361
-345
-418
-504
-532
-575
-634
-616
-574
-604
-636
-539
-729
-763
-798
-44
17
-49
-119
-241
-168
-266
-299
-279
-362
-461
-360
-439
-512
-496
-469
-483
-588
-555
-652
-590
-520
-537
-575
-638
-696
-635
-681
-638
-669
215
148
142
-78
-4
2
-38
-79
-95
-107
-12
-124
-150
-254
-343
-302
-407
-449
-366
-446
-503
-578
-645
-693
-716
-674
-772
-597
-690
-772
-184
-115
-129
-247
-236
-203
-195
-245
-257
-292
-285
-295
-265
-292
-392
-497
-497
-510
-525
-637
-648
-688
-658
-654
-701
-740
-762
-787
-767
-773
-399
-396
-361
-400
-300
-308
-334
-376
-367
-401
-363
-471
-542
-599
-565
-551
-563
-510
-526
-447
-544
-561
-559
-592
-531
-627
-659
-671
-701
-667
-269
-227
-234
-235
-245
-251
-275
-304
-265
-302
-308
-351
-368
-443
-503
-546
-551
-589
-613
-630
-595
-591
-646
-645
-621
-662
-700
-609
-617
-690
-626
-626
-574
-648
-550
-423
-426
-432
-488
-412
-417
-369
-335
-359
-384
-525
-501
-516
-617
-456
-450
-436
-391
-436
-362
-356
-341
-390
-428
-376
-612
-622
-593
-553
-579
-565
-586
-618
-572
-583
-600
-637
-633
-703
-629
-600
-577
-577
-571
-493
-482
-485
-493
-495
-517
-418
-469
-476
-431
-362
-1240
-1379
-1188
-1157
-1001
-1046
-918
-837
-777
-807
-786
-688
-590
-547
-472
-498
-394
-382
-344
-313
-334
-347
-424
-403
-374
-352
-339
-300
-360
-381
-1082
-942
-926
-842
-719
-686
-684
-495
-497
-376
-341
-342
-230
-210
-293
-231
-181
-132
-94
-108
-201
-150
-77
-154
-4
35
-60
66
47
86
-1161
-1245
-1197
-960
-828
-713
-591
-459
-380
-338
-256
-195
-214
-135
-103
-115
-107
20
-105
10
-113
-56
-80
14
-41
8
-52
-56
-124
-148
-48
-160
-184
-166
-220
-180
-97
-129
-119
-144
-163
-131
-106
-189
-150
-257
-316
-287
-232
-221
-244
-274
-314
-250
-87
-128
-91
4
-10
58
-2847
-2759
-2408
-2265
-2084
-1772
-1580
-1359
-1270
-1101
-945
-820
-608
-400
-301
-193
6
131
270
363
387
559
476
565
675
748
841
971
1000
1192
-2311
-2288
-2285
-2126
-1905
-1774
-1748
-1567
-1420
-1303
-1049
-995
-860
-622
-584
-452
-323
-217
-217
-130
53
129
201
331
433
612
761
788
1062
1091
-2451
-2375
-2183
-2057
-1801
-1755
-1561
-1416
-1222
-1026
-893
-644
-554
-355
-293
-183
-97
41
241
84
291
453
592
684
823
858
1016
1068
1082
1211
-1543
-1492
-1369
-1371
-1335
-989
-930
-903
-772
-709
-617
-543
-510
-448
-451
-399
-331
-342
-175
-124
-62
-108
29
102
235
254
270
444
480
725
-1248
-1021
-1052
-987
-905
-787
-734
-719
-679
-583
-555
-408
-408
-337
-317
-317
-317
-39
-76
90
237
281
175
265
350
525
669
649
675
672
-1037
-943
-940
-940
-900
-904
-876
-842
-947
-895
-809
-748
-665
-606
-537
-547
-459
-405
-422
-432
-337
-344
-298
-352
-195
-143
-93
18
-13
-3
-1292
-1266
-1170
-1166
-1001
-858
-864
-834
-672
-631
-559
-521
-586
-546
-468
-443
-363
-277
-277
-333
-343
-279
-137
-99
-162
6
50
144
138
140
-889
-790
-778
-796
-778
-818
-795
-685
-635
-440
-421
-394
-360
-378
-351
-335
-297
-256
-255
-143
-138
-146
-129
-226
-77
-44
-68
-104
-93
-93
-222
-244
-355
-358
-320
-297
-231
-300
-236
-269
-184
-260
-182
-221
-224
-203
-241
-164
-147
-218
-160
-127
-84
-102
-173
-58
31
-48
-131
-150
187
193
171
151
77
86
100
173
124
155
99
98
168
87
109
144
98
38
42
-76
-143
-153
-233
-246
-354
-472
-570
-677
-851
-1036
512
483
401
246
217
223
175
239
238
289
129
38
76
-29
-203
-200
-221
-259
-295
-330
-381
-356
-421
-377
-340
-454
-433
-407
-417
-533
-351
-335
-243
-202
-277
-243
-213
-185
-124
-221
-194
-97
-153
-100
-73
-138
-125
-174
-206
-197
-178
-213
-253
-239
-234
-150
-32
84
64
183
-1534
-1521
-1386
-1406
-1114
-1000
-846
-911
-636
-481
-388
-315
-91
151
179
302
351
430
583
641
730
724
831
900
976
997
1118
1151
1249
1383
-474
-536
-371
-273
-208
-67
-20
25
112
79
-29
-31
93
41
111
-8
-45
116
64
81
180
201
230
253
233
285
386
323
377
436
-392
-338
-367
-270
-244
-217
-232
-276
-165
-212
-163
-126
-64
14
-13
-69
68
83
93
90
63
-96
-149
-124
-61
30
-15
3
-14
14
-342
-717
-725
-674
-781
-588
-720
-808
-865
-548
-555
-467
-418
-430
-436
-400
-485
-325
-360
-332
-454
-386
-265
-341
-344
-363
-349
-342
-371
-427
-338
-421
-483
-595
-525
-566
-527
-648
-625
-656
-639
-614
-675
-632
-676
-710
-765
-761
-671
-698
-741
-773
-840
-823
-816
-859
-908
-884
-887
-915
-564
-592
-574
-566
-519
-493
-590
-509
-489
-498
-601
-529
-581
-484
-567
-571
-683
-725
-838
-767
-762
-730
-753
-796
-863
-811
-1006
-961
-981
-1020
-323
-355
-414
-448
-444
-491
-643
-651
-617
-651
-751
-723
-721
-670
-688
-701
-756
-808
-855
-854
-872
-922
-882
-883
-1005
-949
-1027
-1107
-1129
-1176
299
173
145
194
258
260
150
74
-58
-194
-135
-188
-394
-368
-453
-718
-691
-881
-885
-988
-1138
-1236
-1306
-1411
-1614
-1843
-2082
-2278
-2402
-2701
1029
882
882
185
10
-12
-209
-154
-286
-466
-480
-565
-444
-516
-510
-694
-694
-844
-818
-998
-1031
-1070
-1096
-1153
-1140
-1302
-1296
-1459
-1471
-1612
132
-46
-78
-133
29
-60
-85
-151
-97
-63
-29
-44
-3
89
149
80
135
235
312
358
419
364
327
411
312
358
384
371
255
294
-142
-260
-379
-420
-288
-222
-194
-101
-47
104
189
261
445
590
693
784
913
946
1244
1231
1260
1335
1424
1395
1592
1702
1724
1705
1710
1726
-1150
-969
-866
-729
-772
-778
-727
-789
-862
-835
-812
-853
-853
-1003
-1022
-969
-990
-1028
-1127
-1178
-1159
-1165
-1157
-1131
-1166
-1222
-1206
-1207
-1134
-1198
-1257
-1300
-1365
-1436
-1496
-1660
-1632
-1793
-1637
-1534
-1389
-1417
-1249
-1219
-1209
-1161
-1159
-1118
-1183
-1258
-1270
-1177
-1212
-1201
-1348
-1421
-1514
-1539
-1667
-1749
-901
-910
-1131
-1089
-981
-935
-930
-1010
-1159
-1257
-1320
-1343
-1403
-1434
-1368
-1370
-1293
-1206
-1298
-1311
-1656
-1573
-1744
-1743
-1815
-1866
-1924
-1900
-1861
-1918
-1083
-1023
-984
-910
-812
-917
-985
-994
-1046
-1106
-1198
-1154
-1242
-1277
-1272
-1357
-1288
-1355
-1349
-1371
-1305
-1132
-1015
-761
-561
-390
-254
-228
-85
49
-944
-1027
-1013
-903
-959
-878
-807
-846
-810
-865
-1070
-1014
-1050
-1008
-1018
-988
-986
-1072
-963
-1045
-1081
-999
-1057
-1057
-1086
-1008
-1041
-1020
-1155
-1162
-1858
-1702
-1536
-1653
-1574
-1547
-1251
-1180
-1134
-919
-874
-771
-694
-555
-489
-502
-417
-439
-385
-343
-392
-361
-388
-543
-454
-404
-373
-312
-307
-272
-359
-358
-312
-309
-313
-307
-310
-246
-251
-317
-411
-451
-384
-376
-337
-182
-152
-165
-181
-154
-265
-251
-239
-228
-261
-487
-403
-444
-525
-589
624
533
448
455
456
370
398
243
269
200
162
28
-76
-129
-205
-220
-377
-394
-508
-571
-627
-612
-732
-753
-917
-834
-941
-946
-1090
-1086
863
808
808
453
536
507
607
666
649
636
523
478
442
226
192
32
-4
-20
-200
-230
-277
-428
-478
-515
-624
-710
-770
-891
-961
-1027
1528
1350
1277
1191
1052
1155
1120
1029
990
940
882
778
559
522
432
299
226
29
-121
-191
-224
-290
-359
-481
-554
-616
-676
-788
-935
-1046
1206
1183
1192
1158
1015
927
811
712
649
582
438
390
314
241
247
179
74
47
24
-79
-126
-256
-415
-517
-708
-687
-730
-919
-1010
-1179
