710
691
672
635
540
517
553
450
404
430
275
302
278
156
105
174
128
80
76
-22
-138
-153
-337
-341
-426
-335
-422
-453
-418
-496
796
831
773
684
704
653
635
563
539
442
405
276
183
-69
-159
-305
-288
-339
-414
-579
-474
-525
-559
-490
-578
-626
-678
-665
-634
-734
302
344
264
243
298
280
268
263
167
-42
37
14
9
-13
13
-101
-180
-166
-275
-322
-314
-387
-421
-414
-478
-526
-606
-597
-725
-748
47
-27
-58
-49
-79
-114
-166
-131
-191
-194
-323
-376
-430
-436
-499
-585
-612
-747
-718
-729
-699
-678
-674
-713
-742
-734
-735
-605
-771
-712
-33
-223
-214
-310
-140
-178
-196
-186
-177
-210
-251
-235
-307
-357
-266
-363
-497
-545
-443
-468
-485
-474
-465
-418
-419
-429
-482
-540
-579
-598
-57
-91
-132
-222
-178
-114
-198
-159
-163
-281
-224
-280
-304
-296
-351
-429
-480
-471
-546
-529
-503
-535
-443
-515
-559
-571
-558
-665
-690
-668
-404
-360
-448
-411
-309
-194
-361
-333
-345
-280
-357
-327
-325
-343
-403
-295
-321
-404
-471
-497
-538
-569
-502
-383
-424
-377
-436
-472
-444
-445
-297
-296
-364
-265
-314
-298
-386
-322
-307
-240
-268
-233
-274
-280
-115
-246
-272
-297
-230
-236
-235
-147
-150
-210
-247
-370
-311
-427
-367
-336
-705
-696
-696
-581
-555
-507
-459
-362
-406
-275
-281
-423
-371
-387
-354
-421
-320
-259
-225
-233
-206
-112
-154
-176
-180
-126
-52
118
26
-14
-408
-354
-440
-329
-351
-388
-314
-284
-253
-253
-184
-279
-197
-195
-241
-247
-245
-197
-99
-36
-78
-34
-74
-34
52
68
10
87
127
156
-975
-918
-856
-831
-669
-665
-475
-393
-280
-216
-42
-68
-57
-2
15
-11
85
167
183
293
384
373
286
353
458
506
545
589
638
682
-875
-898
-766
-780
-660
-577
-545
-437
-391
-402
-236
-208
-190
-128
-60
-64
-25
-65
60
20
85
195
280
216
190
368
448
446
607
676
-1691
-1636
-1543
-1381
-1270
-1116
-901
-649
-739
-531
-484
-439
-284
-187
2
157
247
304
340
446
461
580
584
777
839
886
894
859
964
980
-313
-327
-245
-233
-116
-196
-168
-87
-107
-108
-91
27
-19
2
124
-13
61
-25
23
-85
-29
22
-126
-144
-162
-68
-160
-29
23
100
-1596
-1523
-1378
-1252
-1225
-923
-848
-601
-504
-399
-285
-169
-198
-56
91
165
329
607
733
801
969
928
1031
1042
1097
1129
1174
1326
1515
1624
-890
-727
-688
-512
-410
-373
-360
-177
-173
-155
0
38
133
199
276
381
479
553
609
657
652
726
763
763
908
1073
1047
1111
1279
1430
-1594
-1475
-1219
-1147
-934
-865
-764
-704
-401
-456
-314
-133
-18
25
-100
193
310
556
408
588
741
791
888
953
950
1091
1194
1251
1226
1206
-552
-474
-332
-242
-229
-155
-62
-56
-63
65
50
132
95
167
163
303
311
387
495
689
741
699
683
707
794
847
822
908
937
972
-577
-414
-431
-260
-220
-123
-121
-74
-44
-18
23
58
69
198
166
237
230
234
329
385
507
588
551
586
656
692
693
810
815
796
-452
-366
-351
-335
-361
-320
-408
-386
-378
-271
-218
-223
-148
-80
-66
-42
137
130
173
197
207
241
237
311
440
412
437
457
525
559
-760
-735
-874
-809
-735
-784
-562
-538
-455
-257
-296
-228
-189
-229
-183
-142
-174
-170
-148
-115
0
-18
61
234
116
125
139
195
175
231
-608
-625
-703
-587
-700
-617
-650
-531
-468
-301
-357
-294
-250
-210
-142
-146
-129
-42
-155
-77
-174
-163
-116
-119
-106
-175
-149
-149
-219
-240
-458
-461
-517
-430
-465
-433
-400
-428
-375
-393
-318
-169
-207
-148
-227
-196
-102
-70
-8
56
4
13
71
135
97
60
45
157
-37
-58
431
334
298
258
224
155
148
147
40
-30
50
32
87
66
67
68
-45
11
75
51
-58
-92
-169
-206
-393
-386
-421
-624
-814
-890
362
185
224
116
59
-49
20
18
-57
-223
-128
-149
-182
-279
-277
-334
-303
-392
-383
-518
-484
-545
-547
-628
-782
-856
-847
-853
-858
-825
-159
-28
-262
-152
-326
-316
-333
-256
-209
-228
-371
-400
-339
-353
-370
-435
-362
-509
-461
-504
-410
-379
-407
-387
-403
-386
-436
-409
-450
-331
-1267
-1113
-952
-732
-626
-534
-602
-524
-500
-441
-361
-265
-186
-8
47
89
252
234
317
424
425
362
414
564
600
591
685
638
694
702
-496
-498
-423
-529
-350
-488
-362
-232
-112
-111
-189
-146
-120
-168
-162
-187
-180
-53
-17
-61
-40
-115
-19
-22
-14
2
35
58
53
105
-284
-339
-219
-217
-173
-177
-96
-270
-175
-183
-95
-162
-80
-63
51
42
92
71
42
-47
-36
-12
69
26
21
34
54
172
118
182
-145
-189
-68
-219
-267
-138
-275
-197
-264
-120
-144
-233
-233
-189
-101
-177
-241
-250
-328
-303
-272
-288
-266
-304
-404
-463
-573
-507
-480
-491
-325
-297
-405
-370
-410
-373
-441
-334
-453
-294
-299
-339
-307
-378
-456
-466
-455
-327
-342
-360
-384
-326
-328
-341
-317
-386
-261
-297
-178
-129
-186
-248
-262
-282
-277
-228
-228
-214
-156
-252
-230
-228
-298
-337
-362
-341
-272
-332
-301
-367
-435
-356
-221
-282
-201
-174
-83
-176
-268
-151
-82
-42
-171
-148
17
-22
52
68
98
133
172
73
72
-10
30
-77
70
23
39
51
6
179
166
111
134
197
210
155
277
159
249
276
234
183
202
85
-19
-39
-54
115
121
130
45
167
39
50
31
-20
-151
-125
-75
-143
-113
-79
-179
-297
-356
-524
-684
-886
-292
-531
-659
-732
-740
-1108
-992
-1017
-931
-930
-1078
-1073
-1094
-1029
-945
-852
-855
-742
-660
-705
-648
-635
-539
-451
-414
-132
-125
99
150
237
-2220
-2134
-2125
-1987
-1917
-1773
-1416
-1315
-1359
-1283
-1267
-1068
-928
-807
-526
-419
-321
-160
1
11
70
115
160
214
335
441
705
829
1115
1188
-425
-256
-255
-185
-89
3
62
201
281
377
348
388
427
461
535
582
596
575
683
746
673
678
668
644
585
635
529
417
398
320
775
832
682
637
690
734
870
954
767
772
614
640
634
531
403
308
181
235
228
111
148
213
-4
-148
-262
-263
-378
-487
-602
-631
186
194
112
107
120
162
148
80
12
-66
-137
-109
-227
-250
-375
-426
-384
-356
-99
127
316
427
578
690
725
758
713
715
711
740
1314
1288
1276
1222
1135
1085
1085
951
901
830
828
683
535
436
380
284
296
206
170
188
216
160
80
70
-92
-148
-506
-429
-469
-498
336
421
449
413
482
363
338
400
389
488
429
321
293
248
289
219
313
282
340
253
235
237
204
198
160
91
90
37
-4
-81
-72
-94
-189
-6
7
131
132
231
253
356
420
488
387
395
369
327
289
245
286
146
176
-16
-67
-86
-45
23
11
-73
-48
35
-250
-250
-221
-248
-146
-116
-105
-207
9
-89
25
1
92
111
72
66
37
67
46
-110
-227
-248
-311
-326
-315
-252
-196
-189
-202
-227
377
550
414
387
121
191
176
81
88
77
134
185
216
142
35
34
-64
-103
-134
-345
-498
-333
-383
-354
-422
-359
-401
-476
-512
-385
990
1157
1175
1174
1034
933
933
764
721
611
501
448
186
217
208
124
72
26
-28
-75
-203
-299
-369
-469
-773
-954
-1036
-1145
-1261
-1293
976
1075
898
947
876
863
567
401
422
341
212
244
6
100
-12
51
-68
-70
-277
-402
-460
-670
-829
-914
-947
-1158
-1259
-1361
-1312
-1398
1359
1276
1243
1164
1164
1059
802
697
580
506
306
256
80
-35
-74
-146
-309
-331
-431
-517
-574
-621
-797
-810
-928
-1115
-1159
-1382
-1389
-1396
1111
1013
887
749
609
463
380
291
242
185
147
185
195
199
103
47
-5
-139
-185
-358
-402
-497
-647
-745
-667
-846
-826
-924
-936
-1103
