-374
-501
-498
-481
-620
-718
-774
-794
-790
-965
-1132
-1102
-1071
-1219
-1243
-1520
-1557
-1687
-1696
-1842
-1865
-1934
-1897
-1835
-1830
-1721
-1745
-1770
-1838
-1898
-443
-456
-496
-577
-524
-618
-638
-816
-822
-851
-961
-989
-1110
-1085
-1167
-1196
-1250
-1297
-1335
-1429
-1502
-1460
-1482
-1513
-1601
-1631
-1688
-1729
-1827
-1849
-633
-671
-778
-788
-931
-943
-872
-930
-972
-1028
-1044
-1087
-1039
-965
-1087
-1026
-1105
-1110
-1124
-1196
-1187
-1252
-1337
-1351
-1510
-1538
-1563
-1610
-1635
-1663
-542
-567
-804
-641
-655
-679
-763
-768
-788
-784
-866
-841
-925
-928
-998
-1024
-975
-1085
-1131
-1204
-1228
-1251
-1328
-1395
-1473
-1443
-1511
-1528
-1633
-1679
-879
-935
-921
-909
-906
-948
-988
-1031
-992
-936
-1065
-1047
-1031
-1072
-1172
-1191
-1218
-1158
-1268
-1254
-1241
-1321
-1294
-1358
-1418
-1341
-1448
-1488
-1526
-1550
-1056
-1074
-1103
-999
-1085
-1093
-1152
-1150
-1168
-1200
-1215
-1233
-1245
-1300
-1354
-1347
-1321
-1372
-1392
-1396
-1434
-1436
-1376
-1382
-1407
-1393
-1428
-1467
-1478
-1484
-1157
-1177
-1241
-1220
-1209
-1235
-1269
-1172
-1054
-1070
-1059
-1089
-1096
-1082
-1121
-1004
-1080
-1124
-1127
-1175
-1068
-1056
-1033
-1119
-1179
-1276
-1168
-1136
-1239
-1243
-1041
-1051
-1047
-1021
-1117
-1123
-1135
-1135
-1144
-1137
-1172
-1171
-1171
-1171
-1198
-1222
-1221
-1289
-1270
-1209
-1196
-1216
-1282
-1298
-1255
-1267
-1254
-1255
-1230
-1278
-1240
-1246
-1154
-1263
-1300
-1263
-1330
-1221
-1214
-1211
-1300
-1233
-1201
-1179
-1244
-1148
-1216
-1254
-1254
-1221
-1220
-1177
-1223
-1249
-1153
-1125
-1044
-1083
-1057
-1025
-1254
-1278
-1272
-1232
-1196
-1242
-1304
-1245
-1219
-1325
-1296
-1298
-1281
-1277
-1311
-1204
-1186
-1176
-1134
-1028
-1051
-1069
-1084
-1088
-1029
-1009
-946
-957
-873
-969
-1849
-1812
-1691
-1675
-1639
-1540
-1492
-1414
-1352
-1244
-1116
-1130
-986
-990
-877
-796
-759
-809
-838
-776
-870
-861
-812
-632
-654
-606
-552
-591
-541
-582
-1661
-1604
-1570
-1525
-1399
-1399
-1270
-1211
-1253
-1250
-1176
-1202
-1222
-1161
-1045
-1036
-975
-946
-961
-933
-914
-839
-877
-812
-759
-767
-695
-692
-631
-637
-2130
-2140
-2141
-1938
-1970
-1898
-1843
-1754
-1620
-1596
-1572
-1439
-1452
-1341
-1274
-1309
-1156
-1270
-1234
-1189
-1236
-1308
-1228
-1179
-1143
-1180
-1121
-1260
-1229
-1213
-1379
-1389
-1368
-1374
-1359
-1358
-1276
-1296
-1254
-1345
-1368
-1244
-1274
-1273
-1336
-1204
-1276
-1176
-1157
-1132
-1208
-1108
-1134
-1132
-997
-984
-931
-817
-796
-771
-2803
-2746
-2604
-2419
-2267
-2172
-1998
-1851
-1763
-1710
-1576
-1398
-1231
-1190
-975
-839
-782
-676
-569
-458
-447
-340
-294
-218
-157
-62
47
-43
145
208
-2070
-1988
-1913
-1849
-1726
-1638
-1617
-1612
-1299
-1244
-1209
-1100
-1056
-979
-832
-729
-669
-617
-540
-528
-423
-596
-473
-421
-329
-280
-235
-14
71
75
-3288
-3073
-2948
-2768
-2501
-2424
-2321
-2184
-1936
-1776
-1745
-1660
-1582
-1426
-1319
-1229
-1072
-1052
-949
-861
-756
-676
-598
-518
-397
-304
-181
34
26
87
-2599
-2291
-2239
-2234
-2157
-1987
-2027
-1873
-1817
-1680
-1534
-1477
-1397
-1348
-1393
-1219
-1189
-1104
-755
-1031
-936
-936
-867
-744
-701
-612
-532
-456
-461
-422
-2660
-2518
-2567
-2343
-2294
-2165
-2178
-2013
-1939
-1879
-1759
-1652
-1575
-1576
-1480
-1400
-1289
-1176
-1043
-969
-816
-910
-893
-851
-801
-707
-749
-679
-653
-514
-2240
-2140
-2030
-1970
-1894
-1865
-1924
-1864
-1715
-1676
-1683
-1621
-1410
-1356
-1353
-1214
-1238
-1150
-1088
-1094
-1169
-1133
-1087
-1017
-1000
-908
-838
-862
-851
-789
-2030
-1968
-2002
-1844
-1890
-1829
-1819
-1721
-1641
-1588
-1622
-1580
-1442
-1558
-1391
-1409
-1365
-1320
-1258
-1129
-1072
-1081
-1017
-1016
-1021
-869
-960
-854
-790
-842
-1622
-1666
-1594
-1488
-1511
-1483
-1442
-1455
-1453
-1418
-1428
-1338
-1309
-1196
-1148
-1023
-1076
-1004
-1000
-930
-958
-869
-874
-867
-922
-913
-907
-904
-953
-956
-1331
-1429
-1471
-1493
-1443
-1435
-1402
-1293
-1318
-1307
-1306
-1349
-1296
-1261
-1158
-1197
-1174
-1059
-1064
-1052
-980
-1038
-1006
-1002
-867
-498
-468
-480
-480
-1002
-648
-698
-791
-879
-1003
-1035
-964
-988
-1066
-1082
-1015
-1084
-1057
-1015
-1061
-1039
-1047
-1138
-1102
-1191
-1266
-1236
-1343
-1340
-1499
-1638
-1628
-1649
-1742
-1778
-406
-395
-609
-645
-802
-726
-938
-1009
-976
-931
-946
-1025
-954
-1052
-1090
-1148
-1234
-1190
-1234
-1275
-1321
-1304
-1354
-1325
-1377
-1362
-1425
-1404
-1417
-1557
-1084
-1144
-1116
-1168
-1274
-1254
-1291
-1238
-1286
-1294
-1371
-1376
-1497
-1538
-1484
-1464
-1478
-1431
-1401
-1349
-1500
-1275
-1386
-1388
-1336
-1364
-1282
-1293
-1316
-1322
-2345
-2178
-2101
-2073
-1977
-1925
-1812
-1744
-1655
-1561
-1559
-1495
-1429
-1347
-1296
-1357
-1325
-1281
-1229
-1207
-1189
-1084
-1206
-1342
-1242
-1182
-1182
-804
-719
-772
-1741
-1730
-1670
-1594
-1638
-1579
-1510
-1367
-1420
-1276
-1323
-1201
-1246
-1246
-384
-384
-1146
-1123
-1082
-1078
-1111
-985
-1059
-1006
-995
-975
-936
-890
-955
-956
-1784
-1763
-1748
-1684
-1626
-1527
-1549
-1451
-1379
-1400
-1467
-1437
-1401
-1366
-1268
-1321
-1242
-1264
-1227
-1130
-1158
-1173
-1171
-1195
-1048
-971
-1057
-980
-1018
-914
-1650
-1581
-1584
-1716
-1702
-1807
-1569
-1551
-1487
-1509
-1314
-1353
-1326
-1255
-1244
-1192
-1101
-1071
-1113
-1159
-1132
-1160
-1172
-1163
-1224
-1237
-1132
-1223
-1160
-1143
-1416
-1565
-1600
-1510
-1394
-1454
-1515
-1448
-1402
-1449
-1446
-1491
-1526
-1558
-1385
-1439
-1402
-1404
-1370
-1316
-1267
-1295
-1303
-1245
-1191
-1233
-1281
-1310
-1250
-1306
-1338
-1279
-1268
-1368
-1356
-1319
-1265
-1249
-1295
-1369
-1370
-1405
-1489
-1569
-1474
-1525
-1474
-1564
-1607
-1615
-1554
-1614
-1536
-1542
-1597
-1601
-1590
-1578
-1608
-1731
-1369
-1356
-1371
-1401
-1407
-1405
-1397
-1467
-1345
-1277
-1335
-1377
-1372
-1458
-1489
-1534
-1499
-1483
-1525
-1606
-1619
-1600
-1517
-1478
-1501
-1488
-1548
-1616
-1606
-1659
-796
-760
-753
-756
-698
-717
-813
-900
-860
-804
-797
-855
-891
-1052
-912
-957
-974
-1003
-1093
-1144
-1238
-1382
-1337
-1300
-1374
-1505
-1564
-1696
-1866
-2017
-324
-522
-668
-814
-800
-966
-1108
-1124
-1100
-1130
-1126
-1120
-1146
-1167
-1255
-1238
-1314
-1339
-1456
-1513
-1546
-1560
-1700
-1613
-1761
-1630
-1767
-1880
-1948
-2053
-154
-199
-182
-256
-148
-249
-187
-163
-270
-318
-388
-515
-540
-683
-721
-792
-805
-1017
-1014
-1046
-1136
-1221
-1320
-1457
-1557
-1782
-1912
-2053
-2215
-2366
-522
-734
-796
-918
-990
-1099
-1292
-1359
-1486
-1499
-1592
-1574
-1823
-1745
-1778
-1820
-1798
-1891
-1935
-1995
-2069
-1975
-2130
-1922
-1870
-1910
-2111
-2241
-2164
-2172
-901
-991
-1037
-1061
-1005
-912
-1137
-1163
-1202
-1248
-1284
-1364
-1375
-1391
-1325
-1272
-1319
-1323
-1402
-1389
-1386
-1448
-1487
-1519
-1618
-1645
-1698
-1899
-1969
-2011
-2856
-3024
-3076
-3057
-2937
-3022
-3016
-3069
-3027
-2919
-2769
-2725
-2603
-2527
-2401
-2104
-1968
-1978
-1880
-1766
-1574
-1563
-1563
-1641
-1743
-1472
-1423
-1363
-1254
-1201
-2999
-2828
-2892
-2879
-2819
-2799
-2767
-2743
-2642
-2632
-2696
-2695
-2619
-2533
-2245
-2198
-2080
-2064
-2035
-2057
-2028
-1925
-1828
-1744
-1779
-1708
-1685
-1646
-1660
-1658
-2423
-2202
-2158
-2067
-1924
-1835
-1923
-1966
-1974
-1857
-1930
-1827
-1904
-2043
-1912
-1894
-1572
-1435
-1305
-1323
-1341
-1316
-1386
-1405
-1401
-1396
-1393
-1535
-1565
-1546
-1451
-1451
-1073
-772
-645
-458
-398
-432
-238
-306
-303
-407
-447
-468
-525
-569
-517
-612
-616
-644
-648
-801
-854
-806
-778
-734
-696
-789
-853
-905
-210
-331
-432
-420
-394
-453
-464
-360
-279
-335
-659
-517
-487
-466
-266
-137
-165
-230
-264
-303
-412
-400
-505
-543
-593
-682
-761
-762
-860
-937
-520
-456
-565
-588
-532
-494
-468
-390
-295
-297
-318
-286
-262
-316
-425
-394
-389
-230
-106
-57
24
-64
-138
-229
-340
-414
-500
-557
-737
-645
-1276
-1305
-1244
-1242
-1018
-943
-971
-993
-962
-1025
-1040
-1048
-929
-902
-912
-908
-873
-875
-914
-950
-1062
-869
-849
-681
-521
-439
-698
-776
-770
-887
-305
-388
-596
-732
-716
-742
-594
-471
-261
-179
-53
26
88
90
159
122
94
37
-112
-304
-359
-369
-536
-634
-770
-812
-884
-1007
-1111
-1235
783
639
630
364
265
76
-5
-121
-223
-316
-384
-366
-409
-512
-643
-657
-798
-878
-944
-949
-1071
-1104
-1174
-1069
-930
-885
-888
-1073
-1246
-1609
690
593
488
441
234
240
114
-68
-186
-191
-103
-242
-297
-505
-575
-676
-821
-1072
-1091
-1289
-1427
-1510
-1560
-1661
-1598
-1767
-1645
-1627
-1607
-1511
