-158
-252
-203
-115
-630
-572
-685
-816
-670
-672
-843
-816
-534
-412
-296
-426
-453
-584
-531
-573
-538
-274
-107
-76
-74
287
456
228
300
-29
-176
-326
-368
-393
-292
-197
-8
-258
-222
-44
-34
119
167
33
51
36
49
1
-107
-116
6
-12
-36
350
213
365
195
582
869
484
702
560
466
601
602
384
408
351
428
346
648
589
910
1016
666
901
799
996
767
551
352
233
216
233
222
572
606
557
704
573
418
494
312
512
449
403
406
576
593
506
521
125
149
119
264
433
583
583
642
628
243
578
246
278
646
436
481
160
218
57
-254
-527
-885
-614
-816
-787
-709
-794
-622
-336
108
467
526
301
356
281
235
262
237
-13
-218
-270
-288
-510
-432
-586
-619
-419
-334
-431
-186
-251
-175
-162
-359
-265
-33
-138
-245
-613
-505
-135
-250
-292
-535
-527
-456
-182
15
-173
-412
-461
-196
-184
-156
225
400
530
1005
1135
1177
912
537
421
334
596
408
329
214
-164
35
282
525
101
-60
-413
-512
-504
-498
-726
-719
-778
-717
-671
-705
-567
-334
-418
-772
-646
-633
-210
202
296
86
87
288
410
283
93
-305
-550
-616
-310
-160
21
42
80
-6
354
362
438
125
179
-260
-199
-296
-216
-148
-337
-489
-445
-422
-253
-115
-114
34
-300
366
318
513
467
449
489
160
251
233
298
412
557
757
388
399
279
-22
-61
-236
-89
-393
-270
-145
-208
-162
-191
-97
-233
-206
-350
-586
-708
-442
-296
-459
-562
-736
-348
-370
-342
-427
-174
22
-20
135
245
251
584
552
172
311
708
1046
753
606
705
488
-11
-175
-222
-17
-109
-293
-548
-408
-597
-418
-78
-353
-297
-605
-357
-63
-1
134
-194
-334
-376
-270
-273
-147
-261
95
54
394
405
352
26
-15
45
-233
-301
-43
-117
-19
-207
-290
-202
-442
-494
-397
-185
-329
70
117
287
364
582
350
260
199
137
19
98
172
-299
-481
-581
-333
-234
-259
-477
-598
-635
-215
-209
28
-257
-418
-534
-271
-188
9
82
401
448
-20
-240
-274
-191
67
31
-109
-233
-114
-312
-160
-136
-101
-524
-715
-562
-649
-571
-505
-276
-17
-75
-75
-147
-304
-335
-292
-87
-109
27
133
521
958
1347
1304
1151
674
471
604
500
530
499
236
348
36
-207
-330
-463
-304
-78
-91
-236
48
53
275
-218
-370
-261
-277
19
13
65
-87
-218
-57
58
38
144
343
422
405
400
697
875
804
887
835
709
486
597
873
966
561
362
622
413
-32
-68
115
-13
-135
-84
-473
-377
-312
-191
-212
-128
-240
-210
-125
-65
-123
56
-138
411
305
225
-267
-285
-453
-376
-109
-121
-71
-196
-63
-34
-303
-163
-241
12
356
547
257
183
363
266
330
227
250
686
352
194
176
318
379
436
885
1051
1198
1316
1494
1558
1722
1639
1576
1415
1394
1629
1805
1658
1228
998
826
693
599
572
139
43
408
709
680
765
403
177
362
131
153
-27
232
326
204
-54
-180
-86
-247
-228
-185
-411
-492
-404
-683
-681
-747
-824
-531
-510
-707
-902
-682
-863
-792
-758
-544
-883
-575
-15
-40
121
191
504
435
598
455
357
-19
-230
-725
-847
-929
-1078
-891
-908
-1044
-831
-949
-968
-1081
-905
-1247
-1328
-1585
-1634
-1244
-1229
-1254
-1043
-862
-784
-490
55
113
196
107
102
220
428
667
971
833
970
1142
873
687
596
550
579
-9
-86
-444
-130
-119
-308
-411
-94
-247
-442
-494
-501
-272
-653
-474
-352
-436
-613
-672
-608
-383
-659
-1044
-1362
-1101
-483
-380
-512
-520
-510
-493
92
292
581
544
501
532
384
173
177
338
520
673
743
488
541
641
586
522
172
105
-9
293
553
814
533
302
176
204
242
118
26
-205
-334
-668
-933
-477
-535
-291
-168
-503
-435
-167
-228
-138
-122
-295
-148
-130
-163
29
-154
-158
6
305
360
287
