244
157
434
175
-54
-143
-193
-296
-198
-190
-120
-250
-400
-190
-117
-108
-368
-307
-442
-534
-462
-305
-301
176
-357
-284
-450
-382
-474
-323
-194
26
45
-90
162
-82
59
-16
143
395
253
337
635
589
421
260
212
-138
-150
-183
-156
-155
-207
-84
-439
-459
-621
-152
-192
-93
-458
-456
-300
-214
-497
9
-356
-467
-621
-360
-425
-452
-324
23
-26
-334
-298
-379
-298
57
507
364
526
335
356
376
543
578
532
343
173
-119
302
218
413
291
358
131
-175
-61
70
127
316
128
75
-5
-117
-390
-787
-1096
-1379
-1195
-834
-720
-316
-243
-234
-206
36
-208
-595
-553
48
-76
340
85
351
562
513
206
376
411
472
486
374
730
974
1085
838
364
440
340
-5
10
135
120
-150
160
357
423
795
550
605
570
292
-64
-677
-684
-704
-442
-463
-410
-579
-416
-267
-80
-224
-553
-509
-574
-446
-411
-600
-438
-100
24
46
168
-149
-90
-3
-198
-10
294
709
396
141
121
373
270
635
283
4
-153
-323
-653
-256
-327
-535
-430
64
550
453
605
375
206
65
317
184
244
555
182
103
-42
-312
-173
-9
-38
151
-25
73
420
141
232
34
-163
-100
62
61
11
-5
40
187
62
165
264
-55
209
319
151
-67
-148
-59
113
-101
107
73
165
160
239
-75
-48
-41
19
-279
-51
192
513
255
16
47
91
569
629
324
487
293
350
22
322
294
605
408
354
207
521
373
311
250
-57
-88
109
253
56
7
587
642
645
597
478
200
-630
-811
-501
-89
68
117
84
-84
165
-4
309
-168
-24
120
659
620
519
6
-193
-310
-300
-85
627
803
664
687
753
634
627
359
571
931
758
-62
-28
274
546
255
218
-66
-467
-348
-294
275
308
407
-45
-9
-402
-661
-570
-463
-514
-365
-198
-98
-205
-141
-326
-459
-534
-429
-453
-120
-120
-46
-43
34
197
436
470
-54
-114
418
527
434
-45
-476
-538
-567
-558
-118
-269
-305
-76
-403
-469
-559
-575
-58
348
72
-348
-202
-134
0
249
92
-22
-84
-94
-172
-657
-430
-446
-253
-366
-507
-358
-18
210
-125
-315
-305
-207
-284
5
-83
-105
-200
148
451
120
-37
17
480
356
242
205
58
69
26
363
150
118
-76
-115
-228
-237
-147
-544
-441
-466
-637
-372
-555
-682
-529
103
206
121
-121
-291
60
-86
243
701
1011
474
346
49
207
560
681
646
407
-47
-187
-92
166
275
256
234
299
414
498
300
224
106
-299
-177
-92
2
259
444
405
280
510
460
732
329
203
64
-107
-75
96
121
-135
-246
-175
-441
-69
140
-517
-270
-217
-1
-234
149
4
358
75
338
-53
101
206
343
297
392
610
492
324
-9
-234
-241
-53
390
390
94
-45
-8
252
-108
-451
-908
-693
-312
-250
-38
-26
-637
-693
-598
-439
-259
-10
-101
-114
49
-221
-461
-229
-259
-213
-158
-333
-272
-114
30
291
283
809
495
391
278
-74
78
349
307
431
284
-200
73
-33
364
171
208
-115
5
-142
-213
-29
313
920
722
556
312
465
401
369
9
24
368
779
672
429
326
73
243
195
356
817
638
561
327
160
27
37
260
280
520
151
-15
-307
-224
-492
-263
-55
180
-84
203
-72
45
-93
-367
-44
178
-22
245
158
138
431
-77
-152
-104
-83
13
-43
-226
139
-296
54
-43
-414
-247
-132
-199
57
495
47
-125
39
649
543
166
-56
-13
205
192
534
224
114
-93
393
500
360
310
205
214
76
84
-16
-1
-138
579
529
333
117
77
-111
-63
125
341
623
324
158
-188
250
250
240
221
147
318
281
167
-36
264
549
437
505
928
469
415
203
