13
270
354
207
161
121
69
-49
-115
210
431
424
518
65
-165
-135
-324
-203
-282
-438
-649
-692
-382
-301
-188
92
184
30
-101
58
-51
100
160
8
-253
-42
296
321
359
361
317
154
-53
-109
151
-91
-155
77
-62
-163
153
308
137
-143
-310
9
114
60
-82
38
36
101
146
31
92
-150
-210
-97
104
281
0
145
206
246
331
409
272
178
76
300
153
-161
7
-30
-60
-25
-442
-465
-319
-127
-236
-235
-267
-166
-371
-263
-210
-59
-125
181
94
248
427
503
490
495
242
-15
68
223
-156
-548
-263
106
264
14
-117
-371
-50
202
10
420
280
300
54
199
105
-79
-87
-123
-168
-128
-28
7
149
570
291
372
674
484
375
350
344
84
-17
-81
-132
-101
-178
-360
-228
-344
-142
-206
-239
-194
-86
131
55
-193
-172
-67
-252
-150
172
87
34
155
306
372
233
301
-10
1
-52
-21
148
247
-17
204
-17
33
-34
190
-172
-512
-135
-128
-96
88
-150
-123
-120
-304
42
341
175
191
306
498
340
-75
27
-97
-59
-53
208
35
-275
-782
-641
-767
-770
-612
-435
-91
175
-15
-32
-216
-39
124
37
-244
-230
-595
-698
-439
-459
-497
-358
-294
-50
-58
-23
-133
142
157
-1
-46
256
369
301
298
319
142
86
114
-68
-359
-503
-209
121
-59
43
142
155
213
225
545
414
480
455
412
366
-31
-256
59
-169
-469
-379
-237
-138
-293
75
27
-242
86
230
172
357
619
299
131
207
276
102
374
101
79
20
192
-208
-299
-189
-198
-438
-163
393
370
60
371
795
500
364
97
-180
-238
-341
-321
-138
-273
45
156
351
93
-144
-327
-404
-807
-754
-582
-417
-288
-67
297
365
116
352
416
316
63
-127
-237
-152
-159
430
684
673
392
74
-163
-447
-313
-214
-374
-453
-266
-193
-533
-311
-65
-45
6
329
390
399
518
546
360
42
-65
-298
-503
-404
-139
173
324
373
194
-37
25
125
10
-81
-381
-233
-341
-63
-4
-233
-184
-137
-200
-2
431
316
262
208
222
68
246
-17
-38
83
-186
-115
-100
-303
-470
-200
-199
-188
-67
-137
-404
-454
-363
-129
-126
-94
341
377
42
-24
256
230
271
121
63
-28
-44
79
62
17
138
179
111
294
618
584
596
526
328
151
-106
-317
-617
-448
-820
-640
-491
-453
-560
-487
-295
-168
-206
-240
-21
201
298
134
154
454
399
275
574
818
407
55
172
310
120
-23
-204
-44
535
640
611
497
468
462
164
136
-169
160
-16
-23
-47
32
294
369
482
320
114
-97
-482
-697
-778
-469
-367
-527
-596
-277
-245
-496
-297
104
328
458
703
703
130
-15
-126
124
172
190
110
307
223
125
24
-3
105
-176
-119
-124
-67
196
405
359
400
78
137
155
106
234
6
-21
-66
-197
-202
-61
6
-154
-181
-144
-224
-181
148
278
69
20
-231
-214
-374
-421
-466
-524
-231
-146
-39
-14
-32
-223
-59
-125
42
-138
-64
-269
-65
140
179
382
417
302
375
284
224
246
46
194
182
96
-38
-193
-113
-50
-191
188
272
351
148
168
20
337
173
-107
-259
-502
-189
176
56
-234
-41
-397
-333
-342
-363
-393
-332
-392
-427
-225
236
522
469
383
272
312
361
401
170
-48
-191
277
105
259
333
108
115
-249
-212
131
89
206
30
-73
-60
37
163
129
131
-137
-153
115
183
20
158
150
-69
-218
-105
339
607
547
497
589
84
-416
-143
7
-60
235
284
129
74
313
394
457
490
401
445
336
145
-61
-202
-300
-76
-178
-77
34
97
-17
-103
51
3
167
423
180
-255
-296
-355
-517
-539
-464
-449
-479
-327
20
254
-15
-156
-39
179
-154
-93
-177
-4
175
561
348
423
200
-132
-39
-93
120
534
581
517
415
275
72
177
92
