-431
-510
-409
-864
-1064
-1045
-1073
-785
-748
-492
-561
-326
-307
-323
-298
-305
-391
86
-112
74
-185
-384
-279
-742
-387
-441
-540
-861
-594
-341
-527
-588
-686
-527
-491
-674
-364
-663
-1125
-1017
-747
-595
-543
-556
-178
-55
188
79
15
89
-46
-43
-39
76
202
207
-152
-406
-661
-343
-657
-764
-501
-405
138
-152
-88
291
642
898
515
447
-23
337
107
-180
-571
-52
295
539
288
-304
-1186
-990
-696
-968
-1134
-1062
-1244
-975
-550
-593
-331
-375
-372
-297
-525
-181
-290
-354
-314
213
222
384
883
1050
1194
1535
1561
1295
1289
1313
1078
1505
1093
937
614
549
381
-150
-445
-316
-396
-185
-415
-415
-347
8
90
-89
-75
212
33
126
-293
-143
87
186
424
576
673
426
335
483
425
649
364
357
170
-132
28
216
301
140
-498
-321
14
-156
-45
-419
-59
-116
-204
-161
-315
-179
-58
40
34
-215
-174
72
498
406
-102
121
23
-565
-306
-267
-189
-320
6
146
276
426
230
251
-353
-576
-505
-365
-203
-778
-713
-410
-235
-623
-591
-328
-536
-746
-749
-416
-371
-161
235
373
603
576
861
932
1120
1235
865
671
518
798
1235
1372
1081
750
445
278
284
587
497
382
421
454
245
450
428
333
586
732
508
522
1160
1303
1311
1240
1150
1027
1151
1357
1165
1066
1138
1418
971
477
278
235
396
263
69
686
121
387
776
426
721
906
833
748
497
751
845
1043
455
5
77
129
50
-133
-152
-92
243
276
104
135
-235
-556
-671
-610
-466
-139
75
396
347
639
310
178
610
584
442
551
236
-214
-54
-495
-983
-639
-230
-264
-1
98
-39
-178
221
349
376
205
99
-103
-279
-282
-618
-369
-58
99
125
173
428
62
53
-198
-230
-105
64
267
552
587
500
264
36
-416
-467
-679
-427
-684
-309
-200
-221
-88
-168
-451
-698
-679
-470
-563
-489
-288
46
138
252
384
430
653
625
633
902
1073
1136
1353
1104
812
795
552
495
756
1274
1101
794
532
941
1039
1240
898
1287
1210
1039
847
185
504
550
814
1074
974
1248
1319
1537
1407
844
766
470
445
116
480
122
40
-249
-451
-197
263
-11
-331
-429
-297
-42
326
296
305
301
331
343
298
392
714
479
139
365
-6
11
-135
47
50
42
191
-79
260
671
535
539
-10
-92
-48
-444
-444
-302
-139
27
117
-8
-387
-273
-428
-487
-587
-577
-575
-231
-225
-87
-111
-80
-88
-146
321
642
208
155
120
378
622
604
1024
1025
1343
1261
1022
1149
868
190
753
504
33
-63
-17
560
309
570
419
188
405
410
709
774
139
-203
-514
-513
-622
-403
-443
-532
-526
-428
-471
-611
-177
272
451
485
26
382
567
282
411
187
63
433
553
118
155
170
437
86
-576
-612
-880
-675
-413
-137
60
-315
-547
-124
27
171
32
-213
-296
-257
-237
-525
-561
-103
96
-73
343
416
56
45
21
-168
-228
-129
76
-257
-133
-352
-280
-271
-756
-597
-163
-79
186
462
216
284
515
570
624
481
383
387
475
569
757
886
597
500
-241
91
228
20
803
789
952
1070
968
1175
1278
1128
939
716
618
782
1150
1115
995
927
803
329
651
678
317
502
256
60
463
10
-304
-21
-126
-150
-450
-621
-977
-1005
-913
-775
-917
-701
-247
-135
-57
-2
-191
-117
72
-29
100
-65
-111
94
-83
-67
144
139
202
218
241
199
326
19
-386
-466
-267
156
274
28
-41
-137
-182
-371
-584
-931
-1047
-677
-28
-134
143
-13
60
340
349
360
414
713
590
487
600
377
487
441
260
220
240
760
287
664
827
1025
1000
1359
1643
1922
1692
1131
1038
1047
311
148
40
286
428
615
914
758
1088
1252
761
975
979
335
648
366
182
435
579
653
987
1118
1060
1353
1251
1064
1074
691
656
735
533
447
309
380
515
816
795
427
380
134
495
212
-235
-341
-173
-175
-347
-250
-204
-860
-757
-335
-503
-311
-121
22
-274
78
200
89
51
511
758
514
158
99
-39
-151
-138
-617
-827
-604
-741
-916
-1315
-1274
-1059
-1217
-707
-965
-749
-514
-389
-52
324
566
655
676
469
436
336
896
888
408
442
-5
-1020
-1118
-1298
-1326
-1591
-1080
-1212
-1226
-1004
-1032
-973
-804
-507
-157
-50
-86
-32
-383
-328
-139
-408
-228
-238
-337
-564
-214
-575
-515
-735
-793
-648
-648
-662
-453
-276
-533
-852
-668
-804
-385
-578
-492
33
-19
-330
-223
-101
-159
-416
-309
-284
-74
-72
-122
-336
-493
-367
-140
548
895
684
346
-8
369
602
399
284
258
526
640
842
1040
1000
1122
827
763
309
238
237
-71
-370
-839
-892
-885
-956
-1040
-1314
-1463
-1385
-1324
-804
-596
-311
-247
-289
-112
-167
-309
-507
-46
67
271
200
354
-102
278
11
-163
383
409
-132
-80
170
-168
-211
-395
-626
-388
-740
-934
-839
-812
-892
-1085
-660
-642
-375
-309
-337
-142
-137
23
-163
-83
-43
134
-31
-221
-412
-492
-181
-70
-157
73
-279
-587
-405
-364
-258
-772
-521
-1021
-1337
-1295
-1166
-979
-743
-501
-565
-788
-513
-500
-298
-474
96
432
-277
-163
64
51
424
430
509
312
725
725
497
299
887
567
595
1086
1462
1390
804
-202
-5
-248
-665
-800
-1026
-642
-672
-387
-205
-46
-48
161
416
595
342
56
59
135
197
169
192
312
262
389
173
26
-617
-568
-678
-656
-1092
-786
-16
-206
-420
-394
-320
97
49
129
145
-116
344
459
297
500
653
915
474
661
421
752
255
137
303
98
100
265
360
453
353
748
910
1061
1351
1564
1224
982
1235
806
512
522
170
-171
-106
17
283
-26
224
282
613
19
4
-60
-130
-469
-491
-128
-2
100
-220
-316
-48
-341
-63
34
-109
-148
-63
-87
354
46
-645
-231
167
44
-88
-270
-232
-119
-58
-259
-552
92
-99
-122
337
80
-213
-172
78
-3
122
-105
437
-35
-31
400
743
547
-6
234
174
325
369
-263
0
151
45
264
192
184
-184
-117
-190
-297
34
35
146
-3
568
-86
-42
-54
-301
-405
-563
-585
-378
-390
-207
-680
-508
-632
-900
-1350
-938
-866
-721
-1061
-1265
-1304
-827
-818
-1210
-873
-800
-750
-203
-571
-715
-1043
-776
-868
-679
-826
-689
-612
-139
-222
229
-199
-365
-101
5
66
-362
-268
137
382
37
216
11
-258
-262
-636
-427
-239
-10
266
172
612
541
-37
26
-149
143
-2
-62
-154
-377
-58
-372
-195
-300
-446
-545
-472
-505
-774
-506
-292
-303
-359
-573
-562
-365
-610
-754
-935
-1415
-1360
-2029
-2054
-1448
-1201
-1142
-978
-669
-950
-776
-1216
-926
-1181
-1146
-590
-758
-161
-54
-258
-141
-63
-173
-709
-642
-482
-238
6
-104
-285
-530
-527
-519
-559
-1004
-1041
-962
-1516
-1394
-1211
-1002
-1108
-936
-747
-661
-671
-618
-615
-1107
-715
-432
-229
-195
-303
29
43
-569
-658
-568
-943
-529
-480
-288
-390
-270
-120
-299
-1
126
146
-155
313
212
-362
63
35
67
-222
-322
-175
-400
-572
-687
-812
-467
-635
-1207
-1124
-1244
-1218
-1041
-1016
-1119
-829
-551
-447
-189
165
361
17
840
533
731
916
639
518
651
400
307
415
474
520
100
78
268
208
12
397
80
-51
-784
-936
-298
114
-286
-113
313
456
491
113
433
78
120
-404
-504
-94
-246
-64
25
-28
282
420
462
-117
265
227
718
716
885
813
224
187
404
511
-145
-492
-511
-523
-491
-278
7
-329
-50
-162
-43
-387
-313
-419
-189
-326
-191
-233
-50
-182
7
13
260
118
-40
-83
-227
-420
-487
-578
-799
-977
-912
-796
-1039
-1275
-907
-474
-800
-615
-698
-657
-725
-1013
-719
-299
-396
-357
-188
-239
-331
-462
71
309
78
158
303
420
55
395
490
-41
110
17
309
285
586
617
443
968
790
388
382
81
-249
-531
-673
-219
-545
