-123
36
263
467
254
507
236
-120
-99
46
199
216
873
207
-22
-237
-192
-13
151
29
-96
-276
-482
-657
-380
-411
-708
-338
-111
576
564
344
-102
298
638
967
154
151
-101
403
409
379
595
771
785
731
600
765
701
559
260
273
235
275
39
48
-69
91
-141
-104
-336
-348
-50
197
-121
-27
143
428
761
571
351
327
508
352
-17
-77
-62
-709
-830
-1006
-1085
-1206
-1099
-972
-698
-691
-471
-101
467
113
-45
129
332
-51
-111
-77
-320
-586
-566
-151
-13
137
-330
-24
131
-102
-672
-464
-289
-43
176
221
258
220
467
616
612
288
129
418
936
413
132
415
477
389
97
29
58
273
626
777
772
761
855
504
301
503
102
12
-32
179
100
275
211
3
-33
-408
-161
-416
-699
-705
-724
-984
-734
-686
-402
-577
-252
-217
-207
-322
-627
-694
-587
-491
-650
-386
-98
255
195
218
-18
-61
54
309
448
495
530
573
180
128
-178
-164
-249
-317
-104
143
162
-13
274
325
188
26
-80
-256
-317
52
65
254
443
273
304
-10
339
225
63
-131
-350
-316
-221
-292
-48
-302
-317
-483
-9
4
-105
-323
268
342
361
285
15
-214
-221
162
446
399
674
421
310
340
63
624
470
60
257
-117
-27
403
524
268
107
476
263
-61
-181
-229
-510
-495
-225
-234
-50
-126
87
197
661
1021
993
699
814
850
416
278
292
53
131
278
-186
-704
-777
-630
-501
-375
-383
-678
-738
-684
-348
-285
-253
-384
-572
-334
-476
-452
-236
-276
-195
-253
-282
-197
129
227
379
228
54
170
-160
-187
43
179
477
233
443
552
487
181
-185
136
401
418
361
463
346
225
549
326
363
207
686
591
390
359
69
336
232
184
328
353
146
616
580
560
486
547
531
854
753
517
105
102
-93
-544
-374
-135
-135
48
-150
-105
-23
-134
16
61
432
385
425
172
506
280
149
253
373
382
758
588
774
412
897
931
885
867
778
688
459
570
664
530
-5
101
-17
-165
-123
-522
-276
-480
-237
-306
-213
-189
84
222
62
104
449
477
79
296
365
177
134
595
314
-18
340
211
579
594
474
365
75
56
80
354
636
681
173
182
701
671
737
465
341
200
171
23
-317
-472
-91
4
-116
-556
-483
-339
-219
-325
-285
70
-110
-16
165
121
178
-69
-282
-134
217
525
162
142
496
640
762
879
451
306
74
194
123
45
-233
-385
-708
-643
-418
-360
-869
-875
-734
-507
-299
-262
-97
-210
-125
4
97
63
282
328
40
-57
-366
-362
-176
201
188
217
484
350
-83
-126
354
127
33
-299
-325
39
-24
284
444
463
129
491
496
181
-65
154
438
153
-77
-58
-229
526
281
340
418
539
629
465
396
-99
-30
424
713
249
297
201
286
191
161
-139
-426
-211
-681
-447
-623
9
-176
-128
94
405
319
484
526
669
613
662
459
344
91
34
132
613
60
-178
-52
-144
-198
-406
-465
-588
-839
-934
-1286
-1140
-664
-577
-380
-384
-67
214
211
90
-321
-647
-797
-911
-750
-525
-98
-353
-273
-179
341
345
412
427
532
520
386
500
183
-245
-105
83
-42
-92
-43
29
-69
-123
-172
253
416
586
349
316
194
-156
5
8
-56
-331
-416
59
180
44
-82
-530
-625
-877
-721
-726
-702
-302
-449
-52
-14
490
795
954
272
494
484
412
46
359
485
157
192
8
-572
-167
-90
-67
-245
-371
-573
-632
-147
-486
-313
-384
-147
-106
-206
-20
68
-144
45
-290
-456
-145
-419
-403
-257
-370
-443
-467
-355
-446
-527
-323
-87
175
590
714
474
265
308
206
9
13
46
-39
-411
-646
-1097
-842
-612
-683
-924
-659
-664
-841
-587
-575
-409
-778
-821
-724
-646
-465
-685
-292
-202
247
-59
-399
-204
135
86
-603
-755
-579
-396
