-4
93
486
514
-246
-710
-1139
-694
-512
-1145
-884
-420
-414
-669
508
635
827
398
738
398
250
573
721
313
-26
-53
-251
-165
316
28
407
425
517
553
474
595
759
987
936
1043
1303
1238
899
580
676
851
137
790
734
676
965
1152
1249
1097
877
703
636
347
145
119
100
60
-5
-39
-67
-245
-141
111
-153
-390
-262
32
-458
-367
-369
-292
-212
-75
65
-57
458
285
175
271
565
926
974
746
520
-25
-556
-398
-492
-441
-516
-1020
-1004
-968
-831
-182
-478
-635
-289
-151
-326
-669
-290
-466
-158
-412
-336
-409
-507
-822
-1677
-1409
-1780
-2159
-1745
-1732
-1626
-1051
-624
-362
-664
-1096
-863
-811
-567
-922
-1024
-973
-1199
-1592
-1415
-1912
-1810
-1430
-1055
-1275
-1360
-819
-889
-1037
-637
-838
-631
-547
-454
-713
-337
-637
-662
-303
-457
-37
239
-199
-500
-781
-654
-879
-1029
-1170
-1255
-1700
-1493
-1560
-972
-518
-656
-830
-429
-273
7
130
329
-164
19
150
369
-155
61
340
78
-13
-193
-34
-119
-371
444
118
97
19
158
256
239
275
551
839
762
604
253
16
65
-608
-182
-722
-970
-1075
-649
-799
-955
-1460
-1036
-730
-274
-643
-1059
-1123
-1061
-996
-864
-672
-538
-566
-134
-181
-167
-88
-144
242
-166
-200
349
601
1058
970
1473
1057
560
-153
-407
-458
-535
-728
-451
-349
156
22
-22
-91
242
448
372
467
900
736
594
130
159
688
685
647
713
633
653
515
286
155
-231
-503
-536
-645
-852
-892
-860
-484
-612
-207
-886
-705
-593
-86
540
465
766
524
102
305
668
942
1080
920
544
711
675
720
594
572
553
101
-71
328
-145
-39
-326
106
139
9
-195
70
-359
-223
-489
-359
-23
260
513
223
164
-61
-291
-626
-470
-630
-830
-881
-530
-400
-224
-422
-47
-155
-46
-253
214
-101
41
101
257
-172
-100
196
272
339
269
555
493
56
515
242
-163
-366
-489
-519
-314
-451
-631
-1248
-1425
-822
-680
-513
-374
-503
-1178
-790
-524
-341
-311
-772
-1029
-941
-891
-975
-1299
-1238
-1211
-1300
-1329
-1630
-1764
-1564
-1994
-2016
-1759
-1375
-1270
-1501
-1500
-1595
-1775
-2132
-1926
-1742
-1726
-1786
-1898
-1388
-1713
-1858
-1953
-2019
-1778
-1063
-499
-1047
-1044
-750
-426
-477
-339
-256
-170
314
402
596
382
226
18
-123
-204
-175
-1122
-854
-1197
-1080
-1083
-1395
-1485
-1292
-974
-479
-485
-660
-321
-709
-1002
-1055
-711
-562
-863
-1059
-595
-210
303
294
-429
-636
-309
-200
-875
-1304
-929
-1443
-1274
-890
-973
-994
-1194
-823
-793
-574
-532
-688
-500
-317
-532
-745
-1146
-974
-561
-503
-1
-210
-483
-201
-296
-496
-413
-462
-43
535
894
1198
590
-111
-126
301
79
192
-64
190
9
-259
-511
-798
-662
-600
-708
-21
63
128
-41
-163
-290
-284
-478
-644
-237
-120
-513
-219
399
358
-38
-83
423
307
64
-22
-236
-403
-395
-358
-276
71
213
61
-15
176
123
-22
66
-178
-428
-30
194
553
1238
919
992
1017
370
988
516
626
734
1003
1177
501
574
454
28
482
554
704
246
-61
-707
-360
-225
-357
-556
-308
-482
-339
57
215
581
191
-193
-265
-912
-588
-411
-767
-968
-1431
-687
-663
-509
-53
-323
46
21
-128
-593
-267
-167
-192
-466
-1012
-800
-597
-791
-137
-296
-547
-212
-439
-153
23
537
489
280
595
436
224
-496
-397
-508
-64
267
598
683
1202
1434
1661
1007
692
333
805
772
862
500
407
208
574
512
709
133
249
392
99
151
-15
-144
-541
-280
-94
-555
-531
-258
-4
-250
155
487
222
-394
309
288
136
311
340
631
608
961
609
574
183
-198
-256
98
64
-264
-2
-155
-171
-474
-464
-435
-289
149
180
212
55
-44
-407
-696
-1033
-1192
-1394
-1125
-860
-842
-477
-349
-391
-544
-68
313
673
883
1159
1582
1066
813
827
596
346
-200
-482
-452
-115
-140
797
870
343
159
448
-72
348
236
-403
-636
-548
-781
-796
-514
-95
105
77
-311
-1038
-790
-569
-217
103
341
408
195
561
303
-421
-428
-270
-675
-758
-844
-1051
-1520
-1572
-1389
-1412
-1176
-924
-907
-874
-777
-1023
-657
-476
-328
-171
-384
-504
-376
628
486
971
1053
943
333
278
58
135
354
42
54
10
283
-29
-159
106
-154
15
424
385
-7
7
154
293
-107
-138
-545
-239
-268
-703
-692
-1200
-980
-519
-710
-452
-608
-533
-703
-861
-754
-878
-582
107
235
-455
-378
-472
-330
-156
-294
100
564
1058
1128
951
857
965
623
367
274
267
756
416
237
76
-401
-589
-83
-84
-421
-207
-64
158
-157
-561
-435
-163
-372
-307
-94
-258
-129
-362
-374
-460
-598
-315
159
71
389
265
312
292
488
417
292
423
645
767
1005
799
290
757
845
601
358
260
504
869
666
1105
1325
1128
935
912
397
914
1328
1534
1448
1038
1381
1517
1105
1319
971
1275
1286
1080
538
569
452
145
-168
-35
-319
-50
-642
-807
-1235
-889
-705
-176
-344
-276
65
45
93
590
976
911
1007
1073
783
1111
561
470
208
312
354
137
64
-111
-523
-538
-425
-322
-530
-804
-1278
-833
-535
-150
-328
125
506
813
507
666
606
635
412
558
596
789
1343
919
248
295
393
594
449
332
193
641
946
890
1122
1249
1251
1587
1466
1183
1066
734
424
220
-290
39
-129
-86
-925
-947
-1065
-481
-956
-944
-1111
-720
-885
-747
-760
-330
-62
183
153
297
162
318
153
64
-129
506
388
569
356
232
-447
-85
-290
-236
-535
-852
-510
-991
-956
-1079
-901
-865
-1603
-1763
-1567
-1135
-670
-72
-275
-625
-639
-542
-241
-32
-336
409
641
514
375
382
1237
1250
1145
1104
831
1149
1166
935
712
727
468
289
230
672
480
703
1053
927
785
155
63
180
-344
-9
-745
-749
-758
-764
-709
-189
71
275
349
391
11
694
871
1462
1170
826
690
703
716
336
-120
-272
-480
-232
-564
-590
-408
-237
-552
-547
18
-118
-67
33
426
479
446
319
-194
-328
-132
-482
-534
-605
-926
-1163
-1103
-1160
-1387
-1284
-1175
-724
-279
-186
65
460
153
51
-143
38
169
111
-92
297
331
325
-107
-421
-179
-324
-344
-498
-288
-27
-63
-14
223
-578
-249
210
42
-303
-241
-685
-99
-183
187
285
-128
-40
182
128
-148
-239
-611
-296
130
-128
-248
159
518
489
1114
917
58
-413
-539
-913
-503
-723
-729
-844
-974
-900
-790
-336
-241
-16
-229
191
-5
86
-101
244
129
527
118
100
-307
-154
-298
-617
-1005
-546
-1095
-859
-1299
-1310
-1375
-1044
-1177
-1128
-1107
-1084
-961
-563
-193
-425
-310
11
329
590
203
-128
-746
-250
-513
-635
-939
-302
-1123
-1458
-1573
-1549
-1916
-1525
-1053
-558
-875
-486
-474
-546
-81
-358
-265
24
-351
54
-69
-291
-1016
-551
-809
-1412
-1572
-1500
-1800
-1572
-1365
-1604
-1584
-1528
-1699
-1908
-1863
-1377
-1047
-867
-984
-1042
-540
-408
-452
-504
-1184
-650
-513
-563
-814
-880
-645
-125
-600
-244
-769
-374
-584
-343
110
641
-22
-346
-672
-662
-253
105
25
-120
298
-78
-411
-107
-451
-531
-1174
-1346
-1307
-1654
-1366
-1524
-1179
-885
-828
-995
-553
-386
-325
-493
-774
-469
-246
183
282
338
974
681
529
630
609
742
909
943
409
832
449
-218
-457
-481
-328
-333
-500
-465
-548
-187
-359
-563
-623
-623
-638
-442
-587
-152
92
151
157
-58
158
387
526
478
137
-393
273
201
665
767
618
330
336
780
557
223
-72
37
146
336
784
1669
2108
1968
1890
2018
1190
490
453
766
930
926
641
511
242
-200
-137
-369
5
69
250
-124
108
32
121
262
787
1198
847
253
320
501
493
680
744
803
375
544
745
691
499
338
626
550
555
624
211
341
313
-202
-40
-208
-525
-1057
-330
-164
-241
-620
-448
52
-7
130
222
628
692
413
532
444
357
237
-137
273
744
419
166
292
323
413
206
120
437
-2
