-389
-42
-52
-52
-4
255
157
271
339
265
53
360
188
116
-109
-301
-167
-81
296
14
386
453
475
211
314
345
262
489
582
796
857
922
882
277
636
647
463
374
443
501
448
179
386
121
-469
-470
-732
-799
-1006
-1290
-1085
-1033
-376
-96
-30
186
554
438
471
592
355
169
-233
-477
-223
-83
-204
-184
2
-262
-314
-391
-77
-343
-532
-65
24
-53
159
28
-277
42
-96
60
176
72
-35
-365
-212
-181
-573
-644
-1016
-667
-873
-409
-737
-682
-424
-173
10
545
401
503
193
-36
-73
203
230
185
-113
390
561
581
408
669
662
272
448
468
156
623
184
3
-67
-142
-141
322
707
232
384
193
498
644
760
841
1074
964
1267
1332
1416
1246
1233
640
-62
-181
267
226
43
-55
-72
323
499
797
804
610
675
385
765
1179
1145
1002
1292
1229
257
175
99
130
308
238
773
543
530
364
306
68
145
-30
-42
-323
-676
-499
-515
-79
-241
-259
-529
-101
-50
-242
-402
-212
22
102
520
674
395
222
479
969
1089
1094
956
494
229
-143
-305
-373
14
223
466
249
265
400
325
383
707
685
606
800
728
510
441
1007
955
380
819
828
737
799
696
559
730
857
849
557
519
574
667
816
531
730
698
772
230
397
-109
-257
-326
-517
-601
-593
-513
-224
-95
243
-4
50
-215
96
-308
130
205
76
254
658
818
1049
1149
892
1108
741
655
726
82
620
490
247
214
275
192
102
176
351
151
-56
109
434
398
265
-70
137
242
334
86
13
-15
277
279
214
568
550
720
518
441
450
317
373
399
590
420
247
184
-20
74
-473
-211
-52
-174
-331
-20
-175
-309
-201
152
309
-87
-82
-219
-141
-228
-95
-424
-637
0
-323
-381
-349
-422
-91
-67
-269
-79
15
-155
-450
-572
-477
-583
44
331
304
216
353
435
270
333
44
103
127
-105
221
197
65
340
158
338
282
258
621
731
511
183
-50
-379
-189
-95
252
154
379
464
650
555
851
630
626
685
903
265
270
-3
-192
-188
192
-363
-491
-439
-505
-513
-802
-660
-475
-234
-577
-406
-519
-716
-466
-586
-822
-947
-1109
-714
-573
-628
-431
-270
-211
-384
-254
-364
239
865
227
113
292
-118
-482
-974
-1091
-655
-799
-824
-619
3
-430
-657
-502
-580
-723
-565
-605
-372
-127
-148
-273
61
116
97
323
555
206
-73
-362
58
562
870
707
506
1005
904
1073
1356
515
653
700
468
135
217
390
160
-40
10
359
332
-556
-214
-169
-35
-488
-654
-168
-325
-660
-503
-521
-596
-1007
-1005
-376
-778
-856
-527
-1014
-703
-776
-390
-546
69
-166
-191
-613
-527
-540
-688
-685
-643
-453
-117
-44
-87
-91
-3
-12
-486
-504
-516
-444
-480
-421
-610
-562
-680
-649
-474
-547
-636
-573
-35
235
430
-29
132
-133
3
121
255
-106
-127
-321
-451
-266
-214
112
127
349
233
468
476
453
52
-18
-101
313
128
497
486
919
870
42
-141
-180
-174
-315
-520
-467
-692
-751
-644
-733
-1121
-771
-651
-850
-920
-613
-464
-367
-329
-423
-450
-452
-446
-126
238
394
364
474
553
475
485
568
528
485
351
-157
-1064
-1478
-1106
-975
-839
-758
-936
-652
-737
-334
-446
-130
-388
-631
-1032
-1070
-872
-723
-743
-447
-721
-1198
-969
-945
-580
4
436
99
83
-97
-151
-153
-231
-79
-183
40
42
-311
-103
-48
-66
-112
-453
-486
-155
136
382
407
283
125
206
-66
-186
-92
-51
-249
-123
-86
169
152
205
-139
-143
454
267
457
174
389
382
382
-28
-148
65
247
166
-196
-482
-310
19
-320
-509
-433
-453
-887
-1230
-959
-1146
-432
-493
-856
-960
-618
-634
-596
-407
-426
-97
-532
-714
-641
-384
-141
-522
-121
-188
-230
-327
-114
-356
-364
-501
-462
-173
-17
188
78
15
89
116
-171
427
443
350
447
612
390
415
173
98
129
571
814
542
751
1095
707
646
391
108
275
283
167
343
78
67
148
317
247
362
360
-182
-603
-445
-845
-924
-1253
-1323
-1050
-789
-920
-375
-474
-117
43
77
88
145
-69
432
327
714
797
511
169
42
-601
-815
-781
-664
-264
-525
-457
-428
-246
86
76
170
161
486
936
790
555
386
-67
-379
-190
-189
-258
-163
-198
-254
49
294
126
21
494
592
679
181
6
235
571
449
-74
-537
-795
-599
-547
-1070
-800
-711
-978
-1017
-953
-618
-658
-437
-599
-911
-707
-513
-206
-395
-763
-650
-570
-136
628
509
578
335
561
102
272
334
50
-219
-156
101
284
425
632
586
-83
-390
-2
-116
-90
26
-20
-220
-56
122
430
-131
224
-65
565
745
555
69
-132
-51
265
730
900
950
574
419
410
386
722
738
68
-29
196
291
45
-161
-265
-311
-19
341
463
403
566
304
-109
88
-24
-48
-130
168
239
95
-88
-183
-539
-592
-593
-745
-73
-327
-165
-40
-251
-187
-280
-381
-404
-463
-343
-566
-409
-407
-74
-133
-268
-36
16
403
176
-331
-59
-174
-213
-352
242
110
-75
-14
-61
229
374
287
441
155
368
421
433
303
-66
79
42
-533
-677
-256
-127
9
-15
108
144
615
850
814
983
1216
1119
833
744
460
-11
-131
69
36
-323
-482
-873
-1415
-1213
-1039
-610
-525
-141
-283
-202
236
153
276
274
214
213
77
-5
527
232
471
3
-269
-302
-739
-573
-738
-746
-945
-921
-944
-911
-958
-1036
-1020
-1078
-901
-503
-64
269
677
733
680
1429
1315
1358
1431
1035
1185
1269
972
660
1088
1154
995
394
277
127
102
-159
-732
-714
-852
-676
-675
-32
105
-154
-451
-457
-408
-380
37
317
420
293
100
360
756
885
1122
994
874
1051
1127
1080
757
316
320
624
565
460
113
102
-194
-308
-542
-594
-237
-413
-514
-273
214
153
529
598
150
-9
-24
32
-283
-268
-262
-619
-189
-41
-197
-120
-161
-29
-6
-381
-173
-550
-99
-325
-453
-35
-707
-631
-195
-714
-238
-236
120
149
209
385
52
179
-274
95
-36
-1
-320
-561
-1044
-1057
-1301
-1376
-1382
-1366
-1643
-1740
-1433
-1141
-877
-915
-589
-669
-600
-209
67
29
-2
568
1188
1338
1465
1104
1168
1063
942
421
108
107
230
-83
536
577
444
-3
-176
38
60
255
-216
-142
-45
429
274
617
455
176
84
87
296
39
44
514
584
467
836
482
178
-65
296
55
-181
-405
-679
-544
-714
-340
-382
-426
-483
-968
-801
-760
-440
-370
-659
-780
-444
-769
-1210
-1115
-717
-769
-736
-683
-517
-1032
-1007
-1000
-600
-773
-1104
-725
-385
-371
-211
-295
-86
-305
-275
-858
-178
-509
-666
-946
-594
-362
-559
-113
89
-130
-222
-608
-515
-181
-565
-296
-333
-361
-662
-815
-677
-239
-324
-779
-588
-359
-13
-60
299
355
304
226
95
179
143
-185
-154
-75
132
-92
306
346
366
181
510
79
414
537
287
459
423
500
363
602
626
260
81
86
48
-55
-87
62
152
-36
84
-238
-277
-543
88
363
-27
-95
-101
300
322
211
393
313
473
293
132
-114
149
57
510
245
268
682
587
197
364
387
-78
50
-107
-88
-3
19
7
-282
-133
33
1
-344
-124
127
-95
-527
-497
-365
-22
-59
32
-181
332
7
15
34
-619
-152
77
-83
-358
-832
-806
-168
-485
-140
-237
-274
-399
-359
-323
-436
-563
-461
-52
-234
-637
-538
-1121
-618
-578
-555
-233
-210
-437
106
524
998
712
631
423
659
388
-83
28
-98
-153
-244
-55
218
365
373
263
34
106
122
-109
-130
-330
20
-241
-26
-251
-61
210
293
297
34
226
360
428
75
165
-83
-436
-479
-463
-651
-468
-300
-213
-316
-302
-209
135
263
686
659
394
98
698
943
677
850
736
436
368
391
492
203
31
194
134
311
-5
99
-214
-130
