119
-54
-127
219
190
323
261
342
322
329
114
-321
-584
-795
-841
-1190
-1126
-1183
-715
-458
-336
-173
-382
61
315
240
512
333
612
403
272
120
-81
-173
-439
-463
-121
-98
-265
-251
-239
-281
-313
-414
-155
145
-135
-111
-162
-79
-80
359
-254
78
-551
-812
-248
106
-7
-407
-80
34
258
136
335
661
861
721
894
916
745
549
564
189
248
348
756
264
266
391
482
366
69
388
85
519
557
761
801
814
757
766
581
713
573
574
321
765
414
214
463
368
712
803
527
829
710
451
511
215
-110
-541
-785
-594
-710
-721
-650
-566
-622
-874
-437
-362
-87
-282
-137
-439
-573
-639
-569
-762
-810
-20
286
155
309
374
404
752
835
202
283
435
-68
-385
-43
-73
9
-146
36
-85
379
305
482
470
508
304
87
-4
-240
-222
166
219
70
20
-476
5
-145
189
68
168
418
107
-430
-575
-883
-750
-578
-558
-702
-722
-464
-543
-1040
-652
-349
-227
-556
-497
-129
-133
-158
137
143
685
738
277
531
453
329
647
805
1171
1161
766
281
-287
-91
-54
-632
-498
-276
-453
-397
-633
-760
-802
-792
-674
-824
-1201
-1059
-730
-582
-774
-933
-855
-1153
-799
-648
-764
-611
-77
-320
-760
-516
-462
-883
-943
-1119
-1118
-922
-899
-1048
-1161
-649
-1109
-1037
-1290
-1122
-748
-808
-1272
-1042
-1319
-1034
-623
-514
-317
57
315
198
403
426
256
437
312
760
228
-204
-53
42
434
780
970
1405
1440
1364
1399
988
766
750
607
361
62
-65
-445
-389
-41
-167
-91
-194
343
334
710
370
387
534
615
475
277
367
664
1060
1431
1115
1630
1465
1050
1358
1415
1227
801
795
946
1162
1260
1577
1124
1078
857
845
779
715
512
196
406
113
5
-114
-359
-394
-827
-822
-610
-255
502
216
-61
349
-79
-162
42
-331
-511
-452
-453
-431
-361
-372
-265
-320
-317
115
-196
-38
103
170
-27
181
-269
146
-78
-55
-48
402
-15
-122
-185
-90
-372
-537
-575
-499
-476
-330
-4
-247
-438
-409
-734
-444
-537
-679
-869
-1279
-1136
-1086
-1428
-1449
-1263
-1255
-1631
-1411
-1601
-1281
-982
-1027
-624
-712
-620
-1309
-1608
-1665
-1379
-1452
-886
-736
-77
-357
-206
-110
2
613
783
684
696
535
147
156
113
55
-141
184
-85
-131
-195
-110
-150
-124
-90
-53
-34
-24
103
523
665
763
834
938
741
470
616
206
-175
-239
-134
-45
-414
-309
1
114
435
397
178
470
540
139
403
180
33
-87
-179
-381
-660
-326
157
445
924
1093
1158
896
656
899
714
694
109
149
-86
-47
-230
-553
-549
-543
-239
-123
-103
329
185
-189
-249
-668
-753
-683
-243
-242
-226
-395
112
117
181
173
-158
-190
-158
-480
-668
-232
-265
-348
-838
-847
12
-140
-369
-557
-723
-685
-739
-105
-328
-318
-750
-859
-940
-825
-473
-129
166
252
586
664
955
619
990
1153
770
968
919
506
261
-19
62
-259
-546
-672
-136
-489
-557
-290
-395
-377
-198
-81
-427
-671
-383
-208
-59
-813
-967
-878
-1068
-1270
-1637
-1426
-1433
-1192
-1451
-999
-950
-864
-1070
-817
-529
-421
43
-153
-163
-293
-374
-37
-409
100
-88
49
319
414
393
-320
-302
-283
-370
-489
-795
-772
-717
-445
-574
-422
3
-37
-369
52
50
47
385
422
172
273
331
44
-130
-127
-392
-305
-479
326
349
-314
19
48
286
723
364
772
1027
1118
680
230
566
971
1052
687
39
-212
-635
-1031
-667
-579
-393
-78
27
129
818
1047
845
1249
944
847
576
736
486
128
-65
-168
-666
-332
-191
-422
-550
-623
-492
-564
-388
-167
-490
-162
463
168
30
18
202
431
920
1454
1184
944
529
665
771
1046
895
844
692
828
1073
429
181
353
594
237
93
161
-50
446
-144
69
-193
-501
-447
-404
-475
-294
-388
-294
-309
-259
-203
-452
-640
-804
-1119
-608
-307
-521
-316
-326
-180
-453
101
17
-660
-126
45
352
16
24
-336
-457
-270
-52
177
-152
-641
-518
-431
-180
-196
-228
-199
-340
-294
-139
-315
-512
-259
182
219
-103
172
179
414
266
241
437
41
-95
127
-23
-225
40
-225
-61
138
-12
63
61
248
194
184
610
659
383
377
561
377
963
730
585
943
835
775
501
430
213
-210
94
-203
-109
-63
-379
-275
-291
-143
135
412
486
531
771
909
779
785
895
276
780
405
367
728
848
336
479
159
-60
-52
-674
-45
82
332
364
448
98
3
129
275
109
586
205
189
470
253
-181
-198
-73
-104
-809
-664
-521
-552
-468
-485
-228
-131
84
-34
374
528
896
805
945
525
991
484
453
302
-219
-170
-484
-178
-66
-254
-428
-446
-214
17
276
-67
-245
-186
269
-28
124
29
134
521
376
517
602
830
325
232
-10
-359
-995
-1335
-1383
-1506
-1411
-736
-967
-963
-934
-1186
-863
-898
-1028
-621
-295
-404
-790
-445
-294
-451
-893
-1126
-821
-266
-292
-343
-449
-288
-275
-455
-5
-129
13
-112
-315
-375
-780
-762
-1160
-1298
-1429
-1329
-984
-991
-550
-1048
-325
-603
-35
477
707
368
327
169
-411
21
-28
-111
-396
-384
32
271
418
476
746
665
405
349
510
305
446
143
59
-203
-336
-371
-301
-217
-263
-111
-278
-141
57
272
-41
37
76
177
220
360
734
690
953
811
508
426
152
-154
138
22
-92
158
-75
-71
-357
29
132
285
337
345
106
125
58
-26
-31
26
157
652
1114
535
-258
-734
-388
-141
30
-288
20
293
424
388
666
1130
1520
1292
1482
1614
1913
1507
992
977
1436
1026
327
489
709
995
1225
1520
1530
1536
1392
1402
1175
953
791
901
825
476
320
336
370
204
387
-163
-395
-157
-21
-362
-634
-830
-946
-853
-572
-497
-771
-938
-515
-331
9
331
239
76
-338
-603
-411
-112
-127
40
-172
-418
-4
-208
236
281
278
536
380
297
320
-1
-114
-206
-2
-329
-78
-37
586
687
696
709
792
443
125
90
-41
-116
-41
-383
-367
-218
392
437
737
539
771
558
385
220
181
506
743
647
689
143
176
659
596
538
1226
1249
1284
969
727
455
156
90
70
280
213
-16
-150
96
-10
-61
-32
-342
-399
-836
-1085
-873
-782
-406
-456
-871
-362
-277
-166
18
-196
-52
413
318
-19
-48
-308
-337
-201
-436
-30
-216
-169
-59
-77
12
208
63
134
220
360
517
-224
204
121
253
524
532
346
156
-234
-360
-642
-808
-892
-946
-927
-757
-526
-551
-514
-441
-452
-72
-632
-353
-343
-210
-27
-384
-484
-478
-518
-272
-228
-242
-309
87
-62
59
-302
-279
-265
43
-315
-89
-115
125
315
127
-101
136
-128
-226
-113
-574
-505
-169
-302
-351
-210
-654
-743
-1032
-784
-505
-467
-527
-106
-151
-384
-555
-652
-520
-93
-35
-74
182
35
288
343
323
322
377
758
797
270
275
-17
62
-457
-335
-229
-549
-719
-556
-643
-413
-386
25
125
41
150
326
595
497
518
575
877
992
644
210
444
-52
90
386
401
175
248
650
743
436
769
465
370
562
853
755
686
708
807
701
984
700
1051
1008
762
806
1007
831
595
558
190
207
266
127
594
631
660
694
643
690
254
164
216
457
169
-327
-588
-686
-557
-38
20
-149
210
382
749
469
348
639
1050
946
894
710
279
77
-187
-252
-14
16
37
273
445
290
204
132
189
443
468
241
354
185
263
228
-88
146
128
-53
8
-5
145
106
481
5
223
181
578
189
387
453
272
94
673
249
260
183
341
432
67
-351
-246
-465
72
197
103
309
330
252
77
-401
-350
-804
-537
-1111
-979
-833
-934
-705
-328
-514
-130
128
235
359
818
726
194
217
239
118
64
84
15
-205
-250
-139
31
562
656
254
467
63
-165
-190
-244
-805
-832
-998
-928
-1263
