4586
4469
4359
4280
4302
4328
4271
4211
4387
4616
4689
4702
4655
4583
4478
4394
4420
4478
4505
4448
4281
3990
3626
3246
2814
2164
2022
1887
1779
1697
1607
1418
1390
1320
1245
1173
1025
779
559
456
536
736
1018
1283
1337
1307
1267
1163
1129
1153
1244
1414
1614
1721
1666
1588
1431
1248
1210
1191
1117
1082
1162
1184
1180
1211
1281
1423
1494
1484
1564
1578
1512
1455
1545
1888
2594
3167
3471
3796
4224
4494
4613
4672
4715
4718
4685
4746
4805
4787
4730
4762
4755
4639
4376
4451
4353
3991
3518
3305
3333
3308
3059
2880
2842
2742
2597
2376
2124
1968
1854
1733
1587
1567
1400
1109
717
410
308
308
353
349
271
226
301
475
711
715
741
925
1327
1776
2106
2532
3035
3609
4141
4401
4531
4636
4551
4641
4799
4889
4945
4997
4973
4912
4765
4648
4604
4568
4671
4834
4880
4863
4822
4723
4426
4099
3936
3802
3886
3796
3424
3153
3011
2916
2850
2635
2546
2392
2243
2312
2379
2794
3378
3522
3560
3540
3573
3580
3591
3944
4250
4358
4488
4574
4607
4596
4614
4719
4724
4723
4693
4559
4524
4650
4702
4670
4742
4811
4797
4724
4631
4561
4594
4481
4321
4241
4221
4101
4073
3875
3638
3380
3138
2875
2681
2702
2768
2745
2738
2807
2627
2264
2317
2320
2264
2092
2162
2490
2992
3533
3755
3851
4019
4024
3560
3099
2799
2771
2900
2906
2827
2638
2517
2183
1703
1315
1152
1043
974
929
909
1237
1027
707
684
701
646
636
642
617
644
763
992
1301
1678
1960
2200
2387
2392
2292
2233
2409
2578
2419
2295
2236
2531
2660
2707
2942
3081
2983
2851
2716
2485
2352
2008
1579
1378
1229
1151
971
723
569
472
417
382
372
401
484
622
732
831
821
768
719
648
626
598
554
537
526
519
531
550
467
348
260
224
207
187
164
171
207
274
420
586
679
660
738
925
1008
1088
1424
1766
1795
1767
1694
1847
1934
1725
1535
1523
1681
1963
2333
2817
3390
3857
4180
4338
4581
4531
4380
4262
4141
3924
3643
3349
2929
2501
2223
1840
1504
1253
1256
1342
1444
1547
1742
1877
2182
2505
2890
3166
3515
3642
3591
3579
3507
3525
3628
3746
3759
3869
3779
3844
3991
4042
4028
4073
4063
4167
4340
4442
4501
4713
4919
4944
4832
4668
4691
4696
4655
4307
4202
4012
3967
3833
3939
4027
3967
3758
3589
3461
3193
2905
2456
2322
2085
1824
1949
2036
1989
1965
1919
1896
1752
1533
1449
1414
1343
1359
1377
1321
1295
1213
1127
1078
1004
912
871
800
698
707
722
691
702
747
856
978
947
982
1261
1482
1560
1368
1202
1015
760
537
496
509
622
722
643
504
446
441
471
472
445
368
309
276
285
300
321
362
448
505
592
741
923
982
1105
1319
1492
1647
1702
1639
1510
1325
1118
933
824
743
633
601
587
645
708
754
818
773
710
727
771
747
653
559
523
516
524
556
572
634
640
529
470
413
383
448
557
505
468
512
548
555
530
491
491
487
472
558
637
656
585
546
575
675
817
954
1140
1423
1727
1844
1882
1826
1710
1506
1513
1426
1406
1372
1305
1122
1233
1525
1888
2267
2523
2326
2203
2365
2529
2547
2425
2184
1914
1689
1526
1474
1442
1462
1371
1447
1528
1635
1826
2317
2579
2682
2788
3039
3133
3270
3316
3209
3148
2878
2661
2391
2228
1708
1479
1421
1163
938
756
621
609
654
582
450
385
333
314
345
391
428
443
431
369
322
333
323
312
351
390
420
487
522
507
506
466
500
530
504
471
474
528
590
690
777
812
843
924
993
992
959
898
855
849
862
909
1047
1203
1314
1615
2080
2178
2144
2242
2402
2566
2723
2853
2958
3252
3497
3675
3611
3473
3428
3536
3568
3619
3530
3250
2968
2854
3116
3982
4419
4530
4433
4328
4512
4395
4372
4267
3842
3582
3751
3823
3798
3758
3733
3814
3812
3833
3830
3544
3192
3063
2972
2673
2435
2179
2005
1692
1531
1468
1477
1494
1457
1421
1418
1449
1485
1465
1494
1633
1898
2221
2633
2910
2981
3014
3184
3162
3202
2922
2583
2444
2128
1888
1876
1916
1747
1696
1919
2071
2193
2091
2040
1998
1773
1504
1301
1266
1391
1525
1829
1850
2292
2494
2315
2034
1776
1591
1879
2234
2368
2676
3236
3918
4445
4492
4487
4488
4489
4480
4471
4205
3990
3972
3897
3841
3995
3553
2832
2165
2007
2031
2133
2136
2242
2173
2149
2265
2506
2644
2621
2596
2418
2368
2367
2324
2297
2494
2825
2825
2507
2218
2111
1848
1451
1201
1197
1304
1246
1244
1594
2142
2420
2735
2883
2878
2882
2793
2744
2723
2719
2592
2391
2301
2381
2330
2133
1883
1848
1807
2091
2267
2393
2666
2943
3296
3533
3862
3853
3708
3510
3565
3518
3368
3034
2736
2385
2259
2121
1887
1718
1632
1641
1731
1854
1935
2016
1946
2023
2231
2500
2762
3468
3901
4193
4527
4504
4538
4511
4329
3822
3353
3110
3010
2956
2768
2349
1920
1851
1974
2315
2757
2958
3381
3716
3662
3620
3914
4280
4477
4517
4265
3554
3005
3261
3742
4076
3792
3322
3273
3099
2642
2117
2045
2127
2588
3043
3710
4254
4301
4390
4473
4444
4330
4443
4458
4386
3858
3491
3297
2989
2681
2411
1971
1679
1488
1259
1030
1249
1536
1962
2092
2099
2096
2150
2056
2272
2341
2259
2109
2005
1813
1594
1516
1542
1658
1713
1638
1505
1326
1197
1143
1130
1032
932
916
1004
845
818
824
639
421
315
318
387
409
329
259
267
208
145
118
185
226
185
173
198
206
284
629
1087
1203
1221
988
1091
1214
823
900
1085
1159
1205
1326
1518
1768
2059
2367
2623
2966
3218
3341
3410
3469
3535
3858
3945
4045
4179
4300
4162
4295
4275
4287
4196
4111
4220
4250
4128
3901
3881
3844
3615
3459
3327
3131
2959
2832
2634
2493
2217
2002
1796
1588
1501
1461
1403
1317
1260
1183
1120
1197
1413
1690
1975
2151
2217
2304
2312
2622
2796
2711
2677
2823
3155
3253
3349
3609
3719
3837
3963
4098
4497
4614
4308
4247
4138
4089
3980
4148
4372
4560
4558
4465
4570
4624
4416
4174
4109
4297
4234
3865
3488
3236
3099
2954
2789
2446
2138
2029
1936
1688
1546
1456
1432
1396
1405
1437
1379
1447
1481
1594
1669
1543
1488
1404
1282
1192
1193
1187
1032
871
757
680
697
657
551
393
288
286
362
400
460
495
505
519
469
444
425
409
396
356
356
386
480
700
1106
1394
1651
1931
1826
1773
1826
2012
2315
2466
2578
2348
1972
2060
2321
2494
2529
2429
2452
2287
2077
1909
1991
2111
2514
2675
2955
3566
3641
3664
3685
3836
4095
4406
4624
4584
4529
4488
4407
4342
4085
3729
3572
3438
3330
3285
3308
3210
3269
3256
3169
3125
3122
2947
2866
2804
2704
2684
2579
2401
2196
2097
1926
1778
1611
1496
1442
1413
1450
1669
1904
2010
2137
2281
2345
2543
3000
3045
2982
2896
2909
2915
3033
3082
3108
3232
3224
3234
3194
3182
2522
2049
1791
1434
1160
1154
1218
1314
1406
1420
1452
1367
1265
1212
1179
1167
1142
1057
1009
961
895
823
971
1073
1294
1479
1549
1485
1378
1420
1552
1622
1559
1678
1813
1845
2310
2644
2594
2511
2548
2669
2647
2565
2632
2534
2412
2516
2448
2320
2336
2279
2067
1918
1752
1680
1439
1164
1004
962
1024
1056
1086
1127
1195
1161
1003
945
1059
1432
1994
2473
2528
2683
2833
2987
3183
3260
3371
3409
3456
3582
3659
3634
3710
3753
3735
3785
3742
3601
3671
3755
4086
4428
4555
4559
4514
4185
3739
3152
2577
2340
2270
2007
1904
1704
1542
1241
984
778
601
464
424
501
651
979
1270
1480
1495
1598
1813
1965
1883
1888
1972
1974
1976
2003
2017
1814
1561
1287
1136
1157
1365
1536
1504
1182
953
980
958
983
1061
1305
1353
1292
1250
1202
1134
1024
921
786
632
478
410
449
527
639
763
786
714
588
501
476
474
513
524
566
582
609
580
476
457
410
353
459
608
593
511
391
298
258
273
288
332
419
570
721
761
798
934
1038
1048
940
797
689
625
514
535
720
847
810
736
635
644
739
844
797
867
1139
1484
1939
2600
3421
3761
3777
3670
3921
3948
3645
3439
3246
2848
2428
2212
1864
1560
1422
1413
1460
1489
1527
1465
1300
1144
1185
1179
1240
1313
1391
1334
1348
1426
1675
1758
2012
2097
2561
2930
3235
3231
3388
3587
4187
4374
4453
4181
3797
3581
3360
3329
3330
3166
3008
2786
2905
2869
2873
3056
3006
3224
3268
2909
2596
2311
2426
2435
2482
2402
2438
2536
2484
2303
2266
2262
2284
2481
2497
2558
2767
2740
2627
2181
1915
1598
1424
1335
1050
803
700
780
959
1179
1189
1039
886
881
1131
1400
1435
1417
1311
1256
1168
1130
1215
1317
1505
1818
2009
2138
2062
2113
2325
2447
2428
2277
2104
2067
2056
2353
2712
3050
3123
3409
3608
3993
4228
4356
4219
4128
3835
3714
3652
3403
3266
3172
3293
3541
3894
3900
4021
4248
4233
4026
4050
4052
4099
3913
3749
3481
3131
2900
2674
2468
2255
2049
2055
2018
1758
1513
1466
1451
1414
1419
1365
1236
1043
831
682
742
930
1080
1218
1273
1341
1361
1316
1248
1100
898
816
710
559
494
478
509
536
583
569
548
564
553
719
1045
1256
1435
1475
1523
1508
1296
874
770
852
777
777
826
881
947
863
685
664
602
556
523
530
555
609
676
843
1139
1430
1852
2284
2441
2561
2466
2264
1967
1694
1443
1419
1093
848
804
859
1009
1289
1443
1582
1621
1793
2091
2243
2119
1850
1914
2101
2361
2543
2614
3097
3326
3582
3631
3348
3008
2435
2086
2110
1857
1500
1464
1479
1497
1868
2405
2952
3015
2841
2716
2563
2271
2091
1975
1911
1919
1931
1895
1573
1409
1143
967
959
972
1014
1061
1044
1131
1414
1733
1781
1919
1887
1784
1733
1744
1759
2069
2470
2837
2783
2648
2690
2380
2006
1879
1915
2110
2590
3056
3468
3594
3344
3425
3281
3401
3681
3341
3065
2963
2603
2280
2075
1910
1983
2143
2204
2154
2117
2207
2621
2977
3277
3513
3674
3788
4073
4710
4929
4997
4883
4787
4842
4847
4926
4878
4748
4630
4561
4379
4045
3206
2603
2344
2766
3298
3395
3835
4101
3811
3916
4469
4215
4260
4142
4263
4174
4632
4952
4899
4960
5024
5095
4996
4956
5191
5079
4696
4296
3921
3809
3698
3549
3303
3059
2936
2729
2290
2020
1756
1667
1679
1708
1712
1624
1603
1512
1457
1387
1322
1362
1407
1453
1438
1433
1435
1414
1344
1137
1041
1167
1208
1182
1052
961
871
1013
1047
1192
1375
1560
1797
1895
2066
2437
2267
1742
1277
870
723
690
753
897
1032
1308
1302
1037
914
792
719
766
789
888
920
920
867
780
753
708
674
607
578
792
1047
1227
1496
1538
1646
1659
1764
1917
2147
2502
2688
2895
3294
3517
3764
3850
3607
3139
3007
2615
2257
2080
2175
2409
2377
2360
2319
2188
2302
2373
2511
2797
2793
2752
2745
2631
2440
2441
2461
2480
2444
2319
2275
2128
2200
2304
2401
2352
2327
2377
2334
2327
2358
2405
2166
2124
1959
1999
2315
2332
2310
2515
2424
2536
2751
2873
2861
3039
2757
2616
2417
2025
1760
1501
1543
1623
1762
1693
1495
1380
1304
1414
1504
1471
1504
1568
1760
1964
1940
1734
1534
1591
1737
1904
1867
2108
2296
2480
2338
2434
2733
3015
3357
3659
3311
3139
3042
2688
2345
3051
3431
3834
4258
4107
3465
3096
3070
3161
3242
2986
2113
1708
1438
1124
1110
1051
1151
1412
1904
1774
1763
1779
1756
1637
1633
1712
1713
1720
1810
1839
2051
2130
2343
2570
2677
2868
3045
2986
2628
2130
1939
1893
1889
1811
1950
1934
1833
1808
2053
2025
2089
2487
2758
2504
2353
2271
2242
2321
2343
2088
1954
1731
1513
1517
1539
1435
1446
1429
1311
1271
1251
1228
1296
1340
1404
1374
1351
1359
1355
1400
1450
1525
1545
1571
1541
1453
1448
1582
1803
2127
2480
2742
3325
3751
3986
3904
3663
3761
3302
3430
3139
3181
3005
3149
3040
3191
3140
3101
3080
3100
3409
3815
3708
3593
3383
3447
3471
3788
3960
3977
3927
3700
3181
2614
2139
2314
2843
3398
3882
4042
3726
3452
3155
2724
2756
3795
4519
4584
4605
4754
4778
4607
4304
3905
3586
3328
2968
2169
1956
2292
2905
2970
2848
2524
2201
1884
1663
1420
1233
1115
1068
1202
1415
1756
2146
2572
2784
2712
2726
2869
2581
1806
1181
984
885
1182
1567
1954
2248
2493
2526
2531
2827
3006
3233
3506
3695
3505
3569
3780
3815
3606
3535
3454
3428
3340
3199
2934
3211
3275
3029
2553
2669
2278
1862
1586
1456
1432
1741
1870
2249
2036
1755
1504
1768
2188
2256
1859
1400
1512
1709
2093
1414
1525
1975
2647
2898
3061
2866
3003
3247
3190
3269
3636
3466
3312
3097
2762
2617
2361
2118
2127
2241
2279
2476
2940
3436
3925
4361
4491
4605
4601
4252
3223
2756
3456
3976
4489
4635
4746
4737
4620
4461
4160
4051
3813
3606
3026
3191
3403
3416
3491
3404
3154
2875
2716
2582
2278
2069
2189
2511
2618
2641
2739
2619
2538
2448
2385
2237
1963
1568
1184
1041
1125
961
928
934
893
984
873
1028
963
926
947
864
982
1115
1226
1224
1046
913
909
1001
882
1005
1043
995
1186
1065
1083
1314
1780
1953
1945
2029
1949
1996
2186
2250
2447
2347
2225
1736
1497
1346
1633
1619
1305
1385
1397
1422
1039
848
990
984
1160
1817
2231
2255
2066
1964
1826
1977
1975
1814
1983
1809
1567
1579
1452
1714
2260
2052
2126
2555
2985
3273
3591
3778
3682
3616
3961
4230
4105
4377
4508
4718
4814
4738
4560
4375
4430
4519
4527
4552
4484
4340
3980
3683
3734
4101
4445
4798
4905
4911
4882
4664
4546
4411
3803
3299
2836
2434
2046
1802
1808
1813
1751
1671
1587
1544
1536
1520
1521
1568
1524
1441
1362
1249
1087
889
659
621
854
1219
1646
2035
2200
2204
2375
2311
2566
2461
2459
2455
2031
2114
2261
1974
1864
1718
1361
1190
1240
1362
1616
2166
2666
3135
3338
3472
3582
3800
3932
3917
3522
3261
2721
2535
2570
2898
2723
2663
2854
2967
2960
2755
2796
2657
2283
2117
2202
1969
1825
1849
1915
1723
1809
1674
1499
1391
1492
1266
797
464
434
672
729
685
627
427
221
144
206
282
747
1237
1412
1775
2074
2065
1900
1838
1966
2061
2447
2625
2286
2480
2804
2918
2983
2915
2815
2796
2879
2951
2993
2841
2881
2910
2956
2774
2616
2374
2347
2331
2129
1820
1728
1617
1452
1368
1359
1304
1255
1287
1313
1271
1303
1335
1292
1284
1307
1280
1251
1179
1077
924
965
1012
1024
995
910
739
558
427
318
322
438
495
527
524
494
427
345
321
326
347
358
390
548
596
559
519
416
372
254
224
213
334
606
849
1002
1008
1090
1337
1567
1795
1976
2012
2174
2348
2572
2790
3067
3380
3460
3346
3474
3670
3702
3673
3539
3494
3328
3078
2825
2799
2895
2888
2891
2838
2899
2629
2476
2538
2887
3148
3216
2956
3160
3521
4009
4146
4080
4003
4036
3962
3855
3883
3987
3920
4020
4043
3956
3903
3966
3708
3448
3377
3259
3281
3550
3918
3994
3876
3849
3925
3907
3874
4371
4474
4532
4476
4388
4383
4409
4456
4486
4381
4020
3509
3009
2643
2624
2270
2629
2650
2806
2859
3107
3407
3334
3528
3941
4033
3879
3773
4012
4128
4260
4471
4614
4487
3983
3083
2408
2204
2418
2700
2800
3203
3459
3677
3521
3143
2820
2268
2094
2313
3235
3576
3320
3269
3320
3431
3408
3283
2887
2073
1537
1374
1329
1361
1381
1392
1412
1412
1463
1522
1718
1770
1622
1792
1958
2064
2204
2164
2213
2421
2632
2671
2253
2063
2105
2145
1988
2094
2149
2008
2048
2367
2117
2138
2265
2265
2596
2695
2405
2320
2487
2684
2671
2437
2531
2743
2716
2679
2607
2631
2650
2219
1850
1798
1824
1914
1850
1906
1786
1300
1017
1051
1240
1292
1479
1391
1606
1977
2203
2167
2042
1643
1501
1467
1249
1215
1240
1308
1468
1910
2077
1507
1225
1192
1310
1633
2170
2590
2615
2474
2618
2897
3041
3254
3055
2577
2240
2067
1905
1533
1179
957
900
884
826
703
658
624
536
575
610
701
773
812
813
781
720
688
798
944
963
1061
1014
805
614
467
391
388
369
386
302
173
82
117
233
326
366
447
515
609
729
840
855
994
1318
1579
1337
1093
955
990
1146
1169
1241
1570
1477
1319
1413
1501
1790
1928
2116
1999
1928
2134
2272
2488
2180
1551
1229
1045
955
839
786
692
623
605
626
763
793
440
148
92
155
263
346
448
579
619
566
470
401
427
534
666
665
485
432
382
383
493
539
530
471
360
262
334
563
693
669
728
858
965
1074
1099
1123
935
1080
1337
1369
1464
1544
1545
1520
1531
1651
1939
2006
1814
1413
1404
1787
2077
2222
2311
2639
2489
2297
2039
1624
1492
2107
2532
2716
2922
3011
2969
2770
2052
1720
1738
1538
1585
1346
1319
1351
973
813
721
721
688
603
600
593
721
1183
1509
1360
1186
1351
1261
858
917
798
844
788
642
440
352
349
457
622
665
701
685
745
887
1110
1135
1107
966
675
584
558
502
388
350
354
428
473
390
252
230
291
331
419
578
863
1080
1027
1018
784
693
977
1209
1314
1168
1182
1208
1140
1056
1068
1136
1128
937
640
774
1466
1848
1959
1947
1903
1819
1915
1890
2002
1875
1650
1579
2001
2007
2059
1977
1544
1438
1339
1420
1364
906
661
689
610
514
503
626
946
1251
1072
1071
914
859
848
870
813
873
969
942
1001
1161
1336
1114
1102
821
685
642
621
593
604
621
630
857
841
1125
1337
1534
1644
1553
1562
1517
1465
1399
1366
1495
1443
1322
1409
1275
1048
841
825
851
617
692
876
964
1226
1258
1091
1341
1348
1427
2100
2219
2622
2390
2417
2302
2209
2370
2597
2248
1942
1825
1903
1971
2219
1424
1250
1481
1498
1339
1758
2394
2872
2871
3096
3132
3622
3612
3666
3431
3570
3813
3859
3911
4031
4274
4470
4584
4514
4435
4323
4390
4449
4212
3541
2605
2026
1928
2140
1941
1965
1866
1927
2013
2320
2441
2212
1912
1801
1481
1260
1219
1225
1304
1320
1289
1299
1295
1233
1231
1408
1652
1887
1909
1787
1713
1656
1524
1367
1493
1695
1616
1476
1140
1143
1113
1183
1188
1235
1246
1321
1432
1485
1730
2000
2303
2538
2482
2384
2279
2200
2152
1873
1602
1580
1508
1382
1379
1377
1465
1410
1241
1127
1084
1154
1211
1552
1630
1463
1242
1206
1619
1899
2227
2034
1801
1853
1809
1645
1459
1345
1013
707
680
686
805
701
601
692
990
1049
1191
1516
1812
2093
2147
1921
1519
1461
1598
1554
1592
1845
1611
1598
2031
2423
2623
2801
2752
2733
2797
2775
2828
2602
2438
2383
2434
2762
3071
3106
2939
2698
2468
2187
1939
1784
1782
1731
1482
1297
1390
1606
1982
2263
2579
2894
2926
3012
2926
2863
2818
2532
2456
2481
2303
2143
2289
2094
1985
1999
1923
1697
1630
1548
1565
1632
1830
1912
2020
1890
1751
1816
1826
1968
2138
1873
1507
1495
1481
1470
1582
1610
1707
1745
1914
1936
1938
1826
1689
1433
1400
1432
1513
1478
1359
1173
766
542
377
523
508
491
502
696
802
770
653
590
619
677
873
1035
1073
1224
1189
1169
1289
1507
1718
1698
1469
1423
1978
2631
3169
3359
3326
3278
3184
2840
2396
1844
1231
941
913
918
1019
1162
1282
1408
1465
1478
1529
1699
1840
2014
2200
2063
1927
1776
1876
1633
1568
1394
1165
1011
646
378
205
224
419
458
492
570
654
692
693
605
525
566
829
1155
1453
1646
1346
1233
1255
1322
723
996
1093
1043
1023
1131
1587
1900
2418
2291
2173
2271
2386
2509
2664
2967
3022
3183
3180
3081
2951
2959
2113
2030
1790
1880
2836
3037
2821
2725
2985
3041
2863
2936
3023
2780
2821
2521
2197
2222
2442
3032
2974
2807
2519
2277
2269
2273
2000
1985
2039
2364
2753
2866
2611
2513
2762
2903
2992
3189
3076
2837
2441
2382
2918
3460
3294
3193
3057
2996
2865
2710
2453
2075
1876
1998
1965
2118
2368
2292
2408
2163
1883
1587
1292
947
657
531
597
507
533
712
932
930
1129
1211
1067
836
574
398
413
559
805
1193
1366
1319
1148
979
801
544
465
772
1316
1685
1692
1523
1495
1575
1473
1351
1390
1322
1110
1235
1417
1564
2028
2043
2289
1985
1890
1907
1945
1894
1782
1743
1865
1742
1709
1681
1534
1629
1445
1117
917
751
608
449
384
456
416
486
521
875
1324
1878
2203
2037
2137
2406
2575
2433
2994
3098
3044
3215
3241
3295
3007
2716
2445
2358
2208
2081
1858
1651
1247
1277
1563
1580
1753
1737
1734
1621
1603
1526
1329
1145
908
740
712
706
674
672
639
616
526
557
568
616
624
591
524
531
502
452
422
522
749
852
861
765
678
586
551
406
377
341
209
219
313
335
302
424
466
489
424
369
370
403
558
640
765
977
1266
1418
1232
963
889
872
857
712
520
443
450
472
445
478
600
681
670
710
719
702
649
681
925
1284
1502
1566
1484
1338
1304
1107
1003
816
568
424
364
316
287
235
255
296
361
397
274
259
386
529
606
739
678
774
936
881
671
544
530
434
287
187
281
461
716
1011
1149
1402
1631
1893
2286
2510
2466
2060
1785
1604
1534
1415
1298
1164
1219
1217
1135
948
934
976
867
748
658
568
507
481
477
489
465
452
429
679
943
1112
1241
1359
1590
1611
1900
1884
1884
2400
1906
1961
2108
2550
3092
2999
2610
2615
2798
3165
2838
2577
2643
3010
2667
2371
2091
2746
2758
2502
2697
2742
2784
2837
2568
2508
2577
2552
2714
2681
2877
3119
3483
3470
3372
2889
2767
2042
1626
1481
1111
1110
1197
1132
1228
1181
1123
1177
1165
1171
1087
1167
1406
1583
1601
1715
1545
1423
1340
1175
1099
1432
1985
2531
3005
3263
3402
3380
3451
3413
3322
3006
2542
2152
1961
1833
1901
2084
2051
2015
2063
2080
2038
1948
2082
2043
2146
2081
2553
3095
3582
2912
2073
1801
1677
1345
1136
876
881
868
949
1005
943
935
915
1000
988
944
871
997
1280
1600
1752
1980
2157
2218
1917
2073
1951
1624
1467
1462
1283
911
844
999
1226
1448
1461
1283
1351
1418
1596
1580
1660
1787
1680
1624
1582
1340
1301
1331
1352
1334
1094
922
773
829
766
579
606
844
772
960
1196
1405
836
801
1049
1495
1549
1591
1776
1927
1905
1724
1860
1847
1749
1651
1526
1413
1431
1336
1358
1305
1236
1226
956
844
858
1004
1326
1511
1683
1622
1778
1918
1767
1599
1695
1615
1513
1563
1601
1568
1477
1634
1879
1876
2128
2208
2124
2012
1755
1646
1668
1638
1767
1848
1736
1799
1977
1923
1763
1706
1801
1970
1855
1697
1500
1330
1300
1300
1299
990
930
936
1033
1342
1503
1459
1286
1214
997
804
530
471
376
270
231
256
273
255
267
283
188
298
364
471
586
501
405
540
608
730
948
1148
1322
1330
1222
1181
1165
1243
1159
1215
1352
1605
1797
1958
2488
2606
2211
1924
1590
1117
899
857
1097
1356
1297
1311
1468
1443
1415
1515
1714
1736
1752
1515
1163
1089
1168
1175
1306
1489
1688
1600
1394
1126
969
937
832
902
900
837
782
745
769
678
627
550
489
327
334
294
363
364
732
1443
2024
2206
1636
1178
877
874
1287
1723
1839
2136
2040
2347
1648
1594
1736
1984
1841
1561
1695
1555
1369
1198
1177
1161
1102
1149
1017
962
868
852
997
1180
1390
1398
1277
1126
1049
1065
1097
1278
1354
1478
1387
1080
647
693
1191
1899
2240
2709
2750
2815
2681
2797
2950
2653
2773
2767
3030
3129
3145
3109
3132
2699
2585
2482
2251
1932
1829
1640
1437
1378
1185
1127
1022
1273
1392
1189
1044
996
949
890
785
630
492
375
318
229
209
290
244
296
484
399
339
362
408
441
452
238
340
458
379
309
440
685
1031
1020
1248
875
798
898
456
484
610
672
714
764
624
313
195
240
345
357
406
308
227
186
303
391
357
402
345
290
278
342
399
351
450
496
477
433
636
685
812
1112
1476
2263
2514
2418
2350
2444
2596
2496
2736
2746
2592
2589
2712
2824
2670
2718
2918
3152
3275
3281
3139
3031
2830
2563
2471
2225
2008
2122
1925
1705
1616
1626
1897
2030
1911
1929
1951
1724
1440
1310
1333
1347
1380
1435
1436
1530
1606
1729
1698
1844
1826
1755
1922
1931
1702
1597
1413
1376
1362
1209
950
733
550
522
545
536
443
295
285
442
593
596
580
454
502
576
634
675
944
721
803
1030
994
1182
1026
1015
819
683
615
654
645
621
773
927
1013
1057
1057
1101
1245
993
1096
1119
1158
1120
1153
1151
1125
1204
1159
1026
806
845
900
903
955
1018
971
830
720
669
645
659
757
902
1036
965
917
771
683
553
566
674
696
544
608
673
526
563
671
645
623
615
558
503
506
529
709
906
1057
1183
1119
1065
1028
951
928
898
887
690
458
338
263
272
328
361
360
348
363
366
411
397
402
495
530
633
583
454
362
359
333
300
266
258
261
234
211
211
253
282
242
240
231
181
175
201
224
207
160
109
88
125
120
146
158
172
162
146
94
38
23
45
61
81
104
146
196
262
309
344
368
488
740
1054
1452
1791
1687
1503
1367
1245
1266
1258
1022
878
996
1354
1306
1139
1031
1070
1058
1300
1357
1408
1475
1684
2092
2174
2047
1931
1652
1727
1927
1999
1934
1540
1533
1466
2045
2067
1779
1802
1733
1572
1609
1563
1499
1412
1521
1722
1692
1571
1367
1178
1043
1136
1055
883
818
790
734
701
667
492
413
392
410
446
469
485
441
370
479
597
900
957
1112
1302
1719
1940
1874
1783
1650
1634
1392
1287
1459
1541
1399
1246
1185
1375
1539
1446
1389
1245
1283
1344
1418
1247
1069
845
773
650
612
543
508
486
394
322
308
280
265
253
227
256
249
285
285
242
146
121
147
167
110
123
178
221
218
254
344
432
403
302
269
267
282
322
491
659
768
674
492
377
294
306
428
543
308
305
317
243
182
145
123
93
137
130
98
72
74
114
111
96
124
130
157
203
187
294
540
734
850
886
959
1023
1092
1228
1224
1233
1089
584
650
821
999
1293
913
792
796
849
840
923
1300
1833
1863
1511
1905
2489
2602
2324
1993
1903
1939
1835
1464
1233
1312
1740
2033
2114
2274
2141
2079
2077
1972
2184
1944
1746
1550
1658
1790
1594
1567
1587
1493
1435
1197
891
716
596
550
370
405
477
529
671
653
563
578
615
719
981
1195
1073
942
805
725
643
546
483
570
689
494
340
236
290
359
509
1124
1369
1572
1626
1695
1531
1412
1709
1946
1901
1691
2236
2361
2235
1843
2061
1696
1440
1218
1107
982
817
654
640
806
866
1080
1293
1474
1154
1349
1559
1372
1649
1735
1589
1923
1718
1702
1999
2070
1908
1389
953
705
576
610
852
1382
1788
2259
2074
1573
1314
1074
923
1149
1559
1953
2118
2011
1768
1525
1454
1215
1054
948
845
914
840
709
1199
1623
1780
1373
1340
1257
939
982
946
786
640
747
815
951
1002
982
856
663
473
456
371
375
389
541
659
636
557
482
598
369
397
418
578
701
717
851
1066
1367
1413
1446
1334
1247
1106
823
594
494
586
788
886
903
1093
1077
944
873
920
873
878
935
908
919
956
837
732
658
658
623
533
387
347
383
478
639
660
656
689
656
553
436
324
310
354
364
291
210
181
170
156
155
129
99
69
26
19
42
78
125
125
109
102
103
99
91
82
98
118
116
136
103
96
95
107
91
70
75
89
50
24
19
71
100
158
282
724
1079
901
589
303
164
140
241
451
793
1080
1212
1248
1500
1629
1627
1135
690
458
543
607
519
325
204
127
141
141
204
334
353
453
537
640
761
628
590
562
516
462
488
402
287
177
97
94
82
98
182
273
366
546
658
501
453
460
366
410
374
355
314
277
207
189
221
213
94
52
68
123
191
252
244
163
160
175
212
203
303
486
625
818
985
1110
1048
803
661
563
586
575
313
114
58
46
46
82
79
137
271
191
99
89
138
225
345
496
545
669
607
505
405
482
581
715
501
401
482
535
596
642
813
955
1071
1363
1552
1183
1225
1576
1962
2058
2115
2384
2617
2598
2667
2720
2537
2251
1538
783
459
397
725
1261
1661
1820
1865
1912
1619
1187
1203
1611
1871
1918
2010
2130
2114
1993
2006
1768
1573
1323
933
511
471
739
1271
1835
2278
2541
2657
2454
2213
1728
1745
2296
2520
2267
1925
1957
2065
2037
1922
1659
1315
1038
595
238
202
323
479
620
705
819
1033
1103
1005
788
904
1217
1608
1923
2199
2515
2669
2198
1442
1078
1101
1369
1617
1387
1379
1613
2011
2192
2480
2626
2822
2797
2879
2658
2702
3070
3435
3693
3691
3190
2456
1796
1629
1666
1651
1583
1457
1164
954
766
720
685
963
1134
1107
1179
1240
967
962
971
1006
1008
987
976
926
852
694
620
608
511
411
330
401
505
684
854
907
943
881
741
503
286
233
251
240
313
453
429
386
338
325
273
255
274
247
192
313
377
450
517
561
568
568
551
543
505
618
806
1153
1282
1263
1303
1131
1136
997
832
898
1028
909
652
628
772
869
874
899
826
649
499
477
471
427
601
722
713
668
725
573
537
588
486
543
658
514
320
397
398
407
389
438
378
383
346
272
248
315
513
729
682
676
602
635
709
644
478
373
335
238
109
91
140
178
169
178
170
117
147
94
84
96
115
156
157
142
118
94
96
139
254
249
243
203
191
258
318
579
462
424
617
325
239
231
290
256
297
337
358
292
235
252
212
204
205
237
290
278
262
241
244
313
528
841
1200
1284
1361
1461
1061
845
882
843
887
911
928
961
1155
1356
1362
1276
1167
1012
756
621
686
783
955
1119
1300
1384
1444
1377
1151
1120
1176
1162
1099
982
835
851
847
775
674
882
937
753
557
570
624
667
616
630
711
702
594
527
452
389
419
415
405
309
263
287
313
372
361
388
401
403
266
291
325
294
341
365
401
404
416
378
399
549
661
933
1133
1362
1307
1229
1119
1134
1187
1242
1304
1182
818
555
476
470
403
349
322
343
363
336
337
320
438
638
914
1248
1293
799
598
513
504
447
449
435
227
96
65
60
35
33
76
133
251
272
106
116
136
106
114
157
221
235
238
285
412
276
513
513
190
93
103
168
216
253
336
536
517
376
287
271
382
490
609
790
1176
1263
1186
1113
915
944
902
690
226
112
107
113
148
381
393
464
777
842
548
400
409
468
474
481
487
521
548
551
652
623
512
390
307
511
631
776
808
730
722
928
1185
1435
1623
1707
1783
1969
1774
1893
1807
1996
1779
1800
1955
2557
2475
1974
1770
1800
2101
2316
2336
2162
1868
1723
1582
1718
1499
1522
1440
1633
1818
1748
1770
1822
1756
1635
1461
1509
2125
2238
2210
2916
3247
3395
3826
4042
3955
3641
3033
2381
1497
935
724
757
791
828
794
775
840
941
1007
1031
906
764
478
281
228
258
311
334
395
455
459
476
439
538
781
1061
1066
922
834
736
723
712
706
644
659
647
382
275
654
1097
1177
1055
1024
977
892
746
729
875
870
916
945
920
1149
1284
1209
1110
989
1190
1443
1502
1308
1149
1181
1530
1718
1984
1910
2131
2185
2029
1870
1558
1605
1470
1387
1490
1422
1341
1541
1897
1818
2180
2233
1656
1004
977
1708
2868
3161
3307
3358
3356
3368
3014
2476
1877
1669
1671
1680
1471
1108
800
729
692
1009
978
1283
1179
852
1272
1428
1639
1555
1337
1166
1057
923
761
595
463
471
499
548
550
593
554
494
446
394
389
393
383
353
423
465
366
280
218
195
208
282
361
405
478
554
558
529
432
361
368
339
334
317
281
259
217
155
139
112
102
95
96
76
70
39
26
59
126
140
213
456
601
628
629
590
551
597
643
690
582
302
128
67
56
53
57
89
196
352
371
513
679
951
1104
1252
1009
1088
1146
1033
1055
985
944
1152
1242
781
503
417
381
343
245
236
236
194
174
175
190
182
169
192
182
245
326
434
450
463
510
586
543
237
83
103
133
161
205
222
216
185
170
185
171
212
309
311
314
366
418
469
496
521
455
417
361
149
73
81
81
178
245
246
277
257
211
136
229
460
839
1160
1235
1063
1079
1033
1037
934
853
901
829
456
441
730
610
746
688
617
680
668
576
542
658
1240
1652
1527
1383
1321
1388
1354
1085
1009
941
987
1027
564
254
212
306
586
833
984
819
564
467
386
420
756
1103
1343
1366
1173
1175
1164
1063
1043
894
908
955
550
279
378
653
689
706
707
704
634
506
315
237
246
302
489
590
516
483
402
375
275
183
143
158
62
19
17
34
192
215
405
375
415
452
286
334
542
733
904
1193
1226
1146
1021
902
749
680
638
864
867
898
474
286
271
372
402
385
330
330
344
501
733
1177
1433
1525
1507
1308
1165
1219
1180
1155
799
952
531
213
247
428
553
589
628
621
564
489
555
865
1248
1438
1747
2058
2180
2163
2163
2132
1676
1398
1049
872
480
247
215
286
354
365
320
315
300
411
275
353
406
473
638
915
1222
1203
1189
1281
1271
1222
1394
1253
1013
1327
1947
1910
1657
1696
1319
1122
959
697
825
991
1179
912
803
690
590
675
741
782
821
829
873
821
530
279
172
127
130
131
133
214
379
608
537
339
379
556
643
656
586
517
551
577
555
555
556
671
438
305
256
216
434
754
790
1056
967
586
457
289
282
280
477
366
243
401
620
588
600
589
591
528
521
571
591
641
771
946
1005
1115
1126
1244
1103
964
1020
1006
1120
966
907
855
1010
1023
1090
1073
959
951
833
851
1060
1213
1270
1483
1567
2065
2179
2177
1854
1473
1269
1096
1052
1026
1080
1122
933
958
1025
1044
1079
1327
1213
1222
1417
1282
1317
1297
1237
1253
1231
1192
988
1082
1501
1892
2365
2585
2594
2545
2787
3330
3229
3068
3259
3096
2503
2545
2848
2826
2799
2884
2897
2846
2755
2471
2098
2338
2788
2857
2547
2498
2491
2735
2587
2335
1932
1678
1487
1272
773
585
737
800
918
1149
1329
1447
1529
1377
1118
1615
1826
1790
1746
1714
1727
1781
1882
1888
1859
1765
1417
1210
648
421
862
1263
1099
1025
1127
1211
1289
1348
1165
1496
1934
2308
2395
2488
2327
2082
1902
1660
1581
1485
1545
1673
1288
1204
1681
2005
1889
1759
1534
1315
1467
1587
1649
1980
2485
2724
2875
3017
2908
2458
2462
2481
1904
1550
1159
1221
1240
1094
1118
993
902
901
718
672
874
696
473
438
618
1072
1469
1603
1959
2613
2724
2915
2859
2760
2908
2902
2371
2218
2058
1795
1702
1715
1547
1560
1613
1575
1340
1442
1631
1572
1365
1195
1165
1206
1115
1058
947
837
821
784
553
408
450
389
308
275
254
276
288
329
328
554
746
1062
1274
1475
1537
1537
1443
1186
1139
1069
1146
1178
773
535
442
321
254
225
243
277
311
412
497
848
1158
1222
1343
1388
1283
1185
1049
921
665
490
318
275
182
67
40
41
41
43
41
36
21
36
58
114
268
490
516
548
617
729
740
675
568
425
320
372
224
57
58
73
68
75
116
167
234
346
575
1231
1644
1938
1911
1917
2019
2013
1947
1871
1545
1257
1021
972
629
397
383
417
439
446
497
538
603
764
1194
1878
2270
2498
2500
2404
2271
2167
1891
1706
1724
1668
1600
1724
1398
1134
1153
1690
2118
1988
1802
1795
1921
2003
1896
2170
2379
2384
2278
2065
2072
1849
1630
1563
1484
1531
1495
1649
1339
1197
1424
1635
1725
1778
1798
1945
1995
1927
1749
1871
2013
2105
2151
1987
1836
1701
1536
1468
1480
1395
1240
1230
1164
1141
891
729
713
650
628
686
742
810
797
922
1096
1383
1815
1848
1568
1396
1164
968
824
678
647
687
591
597
567
469
452
499
515
482
441
415
471
603
660
615
557
589
588
574
597
621
613
543
583
991
1257
1666
1838
2106
2061
2150
2183
2634
2818
2764
2909
2660
2678
2834
2578
2280
2146
2076
2021
2044
2186
2282
2391
2413
2298
2504
2620
2582
2348
2262
2387
2540
2755
2888
2681
2581
2579
2643
2587
2466
2266
2179
1994
1908
1913
1914
2021
2091
1763
2020
2581
2900
3192
3345
3502
3641
3801
3671
3276
3054
3301
3377
3445
3274
3308
3270
3186
3081
3137
2940
3400
3588
3588
3889
4249
4374
4493
4634
4721
4882
4911
4730
4694
4470
4248
4473
4631
4633
4637
4535
4306
4259
4285
4157
4079
3884
4244
4541
4734
4537
4349
4226
4250
4220
4257
4519
4557
4339
4023
3578
3170
2735
2577
2350
1967
1840
1909
1947
1922
2115
2113
1924
1660
1481
1418
1409
1348
1376
1586
1767
1654
1867
1900
1781
1498
1315
1271
1037
928
864
672
593
517
500
328
191
129
96
58
54
63
81
90
116
300
482
513
402
323
284
227
207
172
129
87
93
118
220
191
120
79
56
64
97
97
130
161
221
251
255
234
254
291
311
320
314
267
247
251
235
213
230
293
305
311
284
211
223
294
394
346
263
408
593
682
835
924
885
808
914
1048
975
818
518
494
672
596
325
391
917
1402
1795
2016
2142
2117
1837
1529
1680
1932
2228
2577
2556
2452
2357
2371
2200
2214
2432
2356
2244
2197
2393
2685
2701
2404
2263
2330
2180
1924
1802
1667
1773
1688
1467
1129
1022
901
802
675
407
308
268
292
319
291
236
230
233
255
262
234
218
270
404
558
809
1005
1654
2022
1991
2235
2494
2697
2848
2983
2981
2882
2278
2152
1553
1554
1569
1798
2183
2372
2449
2610
2453
2620
3266
3709
3894
3938
3952
3944
3912
3981
4006
3763
3178
3188
3209
2972
2973
2874
2595
2296
2477
3017
3185
3460
3413
3456
3254
3095
2974
3397
3394
3859
3805
3956
3523
3175
3011
3039
2884
3119
3277
2924
2679
2652
2672
2699
2654
2548
2416
1965
1935
2214
2244
2244
2174
1860
1795
1799
1665
1567
1567
1397
1337
1038
984
1217
1376
1449
1604
1820
1810
1552
1024
641
635
705
739
799
939
1051
1176
1491
1859
2106
2244
2487
2768
2426
1926
2141
2800
3004
3025
3204
3507
3630
3132
3321
3635
3825
3621
3485
3179
3130
3007
2894
2536
2573
2941
3130
3141
2521
2248
2304
2558
2795
2828
3271
3399
3449
3106
2658
2374
2246
2134
1909
1772
1624
1570
1720
1855
2032
2018
1886
2008
1757
2052
2291
2029
1988
2184
2455
2341
2026
1684
1174
1059
1091
1130
1275
1499
1520
1520
1680
1755
1778
1925
1760
1610
1413
1139
1263
1300
1329
1312
1190
1132
1082
943
946
1225
1718
1959
2070
2191
2293
2499
2928
3017
2979
3070
2917
3007
3132
3339
3707
3787
3830
3833
3895
3846
3696
3867
4147
4372
4645
4913
4934
4830
4965
4793
4943
4660
4496
4499
4202
4099
3779
3720
3701
3470
3262
2966
2753
2538
2442
2361
2590
2947
2893
2665
2806
2783
2762
2674
3136
3119
2515
1995
2082
2241
2554
2372
2461
2717
2753
2553
2420
2460
2521
2306
2485
2867
3137
2972
2825
2765
2715
2234
2175
2057
2034
1946
1978
2016
1601
1281
1041
889
744
705
685
687
837
1131
1443
2152
2373
2530
2686
2683
2412
2410
2308
2340
2372
2272
2538
2551
2200
1862
1695
1578
1477
1708
2027
2153
2044
2228
2714
2856
2730
2919
2926
3266
3670
3949
3865
3636
3615
3650
3872
4039
4007
3948
3945
3971
3963
4128
3945
4234
4416
4296
4365
4133
3757
3428
3003
2719
2444
2290
2439
2203
2121
1882
1554
1338
1016
981
1281
1169
1107
1305
1535
1449
1154
1049
1246
1356
1480
1692
1796
1931
1829
1954
1962
2105
1989
2084
2145
2240
1772
1245
1334
1484
1204
1058
983
1084
1295
1500
2082
2738
3055
3227
3397
3480
3541
3250
3200
3328
3383
3260
2934
2780
2780
2768
2704
2900
3243
3218
3548
3762
4036
4436
4624
4820
5014
5066
4828
4500
3980
3843
3642
3487
3224
3217
3511
3684
4011
4181
4522
4832
4974
4796
4646
4598
4376
4407
4473
4521
4416
4333
4070
4143
4091
4371
4516
4458
4488
4752
4808
4976
4956
4836
4728
4596
4744
4839
4714
4453
4059
3502
3127
2905
2778
2386
1923
1936
1816
1562
1405
1319
1312
1252
1200
1115
1081
1035
821
621
561
557
640
740
739
800
1017
1206
1444
1349
1197
1192
1468
1462
1359
1384
1397
1942
2238
2417
2772
3028
3164
2896
2608
2347
2373
2274
2687
2786
2972
2813
2873
2928
3018
2854
2796
2741
2660
3018
3033
3519
3681
3452
2895
2325
2055
1937
1885
1854
1711
1278
1155
1829
2756
3469
3668
3474
3202
3130
3188
3067
2806
2458
2150
2160
1891
1512
1007
623
760
1165
1218
1136
1048
802
912
1176
1405
1636
1777
2045
1926
1775
1470
1271
1061
813
692
523
425
277
142
84
77
83
83
145
238
290
494
707
1030
1198
1330
1548
1472
1337
1349
1303
1372
1374
1431
1423
1280
1036
646
445
551
882
1191
1385
1473
1553
1524
1807
2304
2550
2595
2640
2633
2744
2633
2557
2158
1970
1785
1508
1539
1514
1265
1258
1667
2769
3220
3423
3142
3225
3372
3545
3193
3444
4074
4294
4104
4190
4281
4422
4407
4361
4239
4174
4026
4076
4099
4165
4007
4090
3909
3648
3347
3030
2371
2083
1678
1589
1552
1600
1537
1403
1293
1525
1650
1734
1632
1514
1270
1087
903
919
1411
2413
3191
3502
3624
3195
2574
2358
2337
2105
2074
2014
1924
1560
1299
894
789
633
483
491
424
312
308
240
218
146
84
58
33
27
57
118
192
266
388
495
568
596
671
670
640
645
673
759
938
886
799
805
808
780
711
645
594
590
711
930
1109
1190
1082
1053
1065
1080
1123
1165
1251
1076
855
780
718
562
434
404
402
533
721
888
1011
1063
1133
1229
1366
1609
1893
2381
2760
2974
3121
3047
3072
3028
3137
3349
3406
3294
3016
2695
2798
2922
3215
3464
3488
3336
3483
3750
3742
3522
3092
3418
3815
3871
3853
4132
4162
4416
4522
4327
4561
4727
4767
4907
4841
4862
5174
5278
5216
5201
5132
5199
5224
5263
5266
5246
5245
5251
5211
5175
5198
5115
5008
4979
4985
5047
5092
5070
5105
5197
5176
5151
5174
5180
5018
4761
4471
4299
4217
4148
3862
3538
3217
2784
2330
2052
1917
1946
2301
2828
3074
3125
3324
3328
3251
3075
3193
3247
3721
4541
4923
5012
5057
5041
4968
4960
4914
4856
4529
4314
4301
4316
4349
4157
3214
2296
2127
2415
2705
2545
2395
2098
2264
2899
3593
3939
4280
4442
4320
4127
3804
3527
3312
3072
2718
2460
2600
2377
1946
1609
1357
1461
1923
2264
2470
2501
2644
2671
2687
2664
2816
2839
2711
2894
2926
3159
3357
3622
3929
3703
4472
4724
4681
4627
4662
4675
4749
4863
5002
5139
5273
5397
5469
5443
5374
5386
5386
5292
5279
5331
5340
5185
4967
4950
4984
5049
5103
5088
5098
5071
5099
5120
5061
4952
4957
4967
4892
4880
4887
4558
4198
4090
4044
4068
4175
4450
4451
4446
4449
4461
4427
4404
4345
4518
4826
4881
4828
4540
4198
3958
3870
3879
4252
4466
4710
4900
4851
4632
4278
4092
4047
3954
3548
2742
2059
1901
1872
1838
1721
1312
860
839
961
1177
1068
900
819
734
1140
1685
2066
2701
3008
2872
3077
3147
2979
2711
2950
3205
3007
2969
3356
3805
4245
4512
4788
5001
5116
5012
4761
4427
4106
4015
3677
3182
2786
2539
2087
1618
1288
1147
1178
1335
1473
1423
1428
1461
1754
2111
2362
2643
2772
3112
3455
3779
3664
3551
3557
3804
3957
3968
3915
3851
3692
3495
3062
2907
2451
2158
1905
2063
1979
1787
1964
2344
2542
2719
2587
2478
2255
1986
1635
1286
998
786
649
594
597
737
939
1096
1097
1027
1051
1130
1330
1576
1908
2374
2688
2841
3014
3185
3475
3486
3462
3429
3492
3634
3801
4080
4188
4254
4103
3848
3665
3710
3939
4157
4358
4525
4800
5104
5408
5436
5280
5276
5235
5246
5000
4846
4662
4739
4825
4844
4869
4763
4618
4518
4373
4281
3890
4189
4318
4056
4431
4640
4883
4870
4796
4800
4572
4608
4508
4548
3936
3725
3810
4136
4291
4381
4182
3601
3375
3601
3522
3494
3465
3298
3243
3200
3170
3382
3283
2948
2891
2943
2851
2675
2630
2442
2600
2678
2403
2388
2177
1972
1911
1912
1751
1631
1650
1628
1639
1798
1536
1304
1146
929
858
800
854
826
938
957
946
1013
996
973
881
651
555
354
496
532
723
834
1079
1690
2139
2217
2229
2127
2212
2553
2451
2337
2365
2221
2445
2386
2421
2453
2364
2254
2157
1999
2021
2377
2489
2623
2922
3104
3184
2903
2504
2252
1826
1604
1525
1438
1599
1804
2158
2298
2389
2632
2546
2610
2509
2723
2867
2861
2579
2051
1769
2118
2422
2696
2723
2302
1826
1759
1629
1723
1485
1323
1366
1366
1309
1257
1293
1181
1433
1720
2052
2762
3111
2911
2733
2801
2724
2884
2980
2781
2826
2823
2967
2990
2934
2827
2691
2595
2448
2413
2136
1838
1788
1810
1684
1768
1835
1920
2079
2093
2019
2044
2058
2044
2179
2229
2265
2070
2181
2040
1666
1467
1513
1503
1253
892
597
550
585
649
735
808
1002
1293
1606
1568
1428
1271
1162
1017
755
501
374
414
366
352
346
362
360
292
202
280
249
221
311
583
827
1125
1334
1427
1698
2211
2517
2394
2229
2062
2063
2069
2093
2083
2034
1776
1590
846
374
259
211
298
174
157
358
557
700
952
993
839
946
1200
1345
1430
1339
991
831
610
369
176
32
25
39
118
224
330
493
573
690
895
1101
1465
1767
2033
1881
1840
1945
2057
2076
2367
2548
2466
2357
2472
2136
1548
1130
956
820
777
800
1057
1799
2792
3451
3612
3733
3679
3557
3485
3474
3371
3320
3081
2883
2758
2563
2492
2098
1528
1262
1367
1511
1531
1507
1523
1670
2099
2414
2501
2680
3051
3420
3498
3361
3371
3621
3799
3805
3889
4086
4241
4083
3937
3821
3902
3924
3920
3983
4050
4018
3578
3443
3522
3854
3927
4102
4185
4348
4477
4551
4561
4200
3444
3006
2557
1780
1562
1406
1361
1489
1571
1597
1623
1811
2327
2535
2495
2566
2650
2442
2246
1971
1857
1878
2063
2279
2097
1919
1908
1827
1824
2009
2077
1945
1678
1434
1320
1547
1855
2106
2278
2580
2583
2644
2888
2941
2901
2904
3185
3322
3342
3128
2987
3223
3557
3771
3697
3601
3468
3563
3805
3555
3835
4409
4780
4835
4916
4924
4936
4867
4861
4791
4889
4980
4920
4803
4588
4399
4453
4794
4959
4808
4913
5125
5177
4775
4595
4734
4833
4376
4518
4828
4822
4850
4566
4083
3626
3220
2962
2699
2369
2184
2005
1914
1849
1779
1712
1770
1735
1923
2085
2503
2981
3239
3076
2654
2591
2569
2827
3003
3070
2655
2698
2827
3068
3246
3169
3681
3878
4051
4201
4266
4148
4328
4356
4504
4810
4956
4833
4509
4245
4130
3955
3710
3708
3781
3554
3492
3587
3500
3537
3650
3556
2986
2698
2417
2213
1885
1669
1745
1847
2008
2232
2279
2369
2374
2066
2082
2090
2306
2679
3153
3398
3724
4212
4314
4434
4546
4597
4735
4537
4166
4426
4564
4772
4961
5009
5093
5075
5081
4985
4819
4420
3971
3605
3240
3016
3156
3146
2951
2769
2807
2795
2728
2351
2156
2432
2798
3398
3933
4121
4290
4235
4344
4526
4392
4252
4160
4189
4146
4046
4015
4043
4046
4087
4099
4144
4265
4433
4769
4992
5073
5040
5134
5137
5071
5048
4954
4748
4760
4824
4882
4942
4976
5011
5085
5206
5136
4843
4637
4395
3997
3634
3310
3183
2855
2482
1974
1606
1521
1686
1758
1869
2094
2243
2272
2133
1975
1650
1276
1175
1283
1566
1549
1198
874
882
1187
1648
2283
2757
2795
2605
2873
3206
3288
3246
3125
3275
3353
3312
3813
4288
4860
5001
5096
4894
4860
4658
4775
4922
4983
4968
5123
5012
4804
4802
4910
5088
4957
4565
3958
4104
3574
2924
2286
2491
2688
2293
2204
1613
892
502
456
517
717
972
1115
1237
1097
1069
1239
1604
1822
2047
2211
2265
2137
1777
1666
1533
1143
776
676
507
467
562
706
752
932
1563
2143
2609
2850
3069
3239
3527
3239
3219
3587
3831
4136
4198
3803
3713
4154
3775
3092
2537
2387
2357
2063
1899
1803
1869
2233
2245
2300
2439
2473
2659
3283
3922
4249
4520
4871
4974
4940
5123
4867
4697
4804
5084
4977
4766
4831
4629
4158
3889
3945
3765
3985
4207
4465
4487
4445
4513
4524
4556
4405
4027
3660
3397
3333
3179
3521
3858
4068
4322
4397
4650
4829
5008
4741
4060
3618
3893
3820
3865
3829
3928
4032
4036
4047
4110
4106
4218
4077
3979
3817
3888
3785
3515
3159
2696
2354
2205
1623
1209
878
531
396
260
328
337
312
509
464
303
224
301
341
379
483
608
939
1169
1243
1312
1336
1283
1279
1381
1324
1366
1361
1606
1926
2105
2075
2103
2066
1917
1853
1706
1657
1747
1873
1922
2195
2344
2270
2155
2011
2076
2169
2123
2195
2247
