2167
2291
2293
2383
2285
758
1549
1313
1327
2367
2843
914
1570
2600
3059
1763
2270
1650
1495
2547
2984
1946
858
1035
2137
3027
2737
2552
3156
1318
978
1002
1575
680
1132
1204
926
1508
2165
3055
2675
1759
846
1443
1867
2039
1756
890
1733
2928
1330
1795
3072
2594
2255
2412
1671
2899
1957
2501
3083
1508
1605
2868
3175
2937
2739
2300
2213
2458
1567
2120
1753
1375
1373
1330
1799
2087
1761
1270
859
835
887
2712
2000
2990
1699
1768
1072
1651
2365
1492
2635
1925
1540
1487
2487
2859
2799
1402
860
1680
1415
3012
3008
910
1363
1779
2372
1334
1818
2701
1667
1570
2248
2214
2004
1783
1370
1321
1774
1987
1227
789
1169
1112
1423
1286
1302
1572
957
812
477
1120
1571
1122
1153
1166
1606
1387
727
911
2492
1216
1134
1407
2230
1554
1294
1569
2242
2127
1521
1183
851
506
429
691
1512
1757
1615
1707
1106
1264
1345
1576
1034
2272
1934
1812
1228
723
318
345
1930
1269
2221
1800
1038
704
696
496
932
1159
964
497
718
1058
479
625
609
686
647
516
757
932
1094
863
1068
939
340
414
1762
1468
1341
1837
1289
774
412
466
803
400
476
529
860
1110
386
320
397
633
1549
1060
564
381
282
522
1518
942
288
331
298
150
294
580
687
891
1007
667
550
420
896
1655
1424
1244
770
377
799
428
885
1917
1120
622
1461
1351
1059
680
535
361
724
1919
1479
1380
1057
1987
1217
1354
1325
1289
848
745
598
883
836
1173
626
1788
1350
1687
746
1500
2324
2248
2294
1730
2315
2995
1734
2129
1870
2689
1106
1131
1595
1594
1677
1954
1530
1215
1447
1526
2176
1925
1894
1704
1392
1240
648
608
601
493
1596
1921
2733
3150
3131
982
812
493
452
1044
1351
1232
431
652
2988
3585
1862
1826
1057
558
1564
2198
1477
2084
2079
2301
2041
1936
1369
838
1118
2075
2498
1621
1602
2543
1803
2621
1857
726
2553
1857
3664
3779
1775
1572
1321
1489
3283
867
431
2119
2093
2276
1269
1480
2393
3401
2248
2693
2584
2645
3242
2433
3635
2334
2008
1039
347
1684
1633
2784
4035
2891
2920
2193
1360
1756
1634
1220
1825
2581
2812
3084
3703
2783
1529
1435
1520
1184
1015
1341
2477
2012
2349
3345
1685
995
2772
1728
1501
2005
3165
3819
2490
2341
2184
1262
1244
1331
3339
1796
2064
1712
1469
1225
2570
1993
2395
1038
1908
2674
3102
3312
3205
3074
2127
1882
1558
1658
2574
3719
3605
1354
1254
1172
2861
2920
1608
1596
1265
638
1115
2745
2989
1973
1376
978
2164
3193
2297
1843
2377
2459
1917
2887
2519
2291
2869
1473
2156
3336
4229
1953
1840
2004
1945
2358
2610
1427
926
1267
1886
2846
1564
1378
2052
1857
1640
1607
991
445
1018
1313
2062
2916
1145
2419
2820
1140
853
848
1511
2354
2127
1601
1883
1931
1662
1601
1162
2547
2355
2071
1741
2215
1689
624
816
1020
1586
839
555
1211
1003
1438
1392
2211
1045
1076
1875
727
763
557
613
1573
1443
1090
1110
1847
1295
1274
1963
949
1421
1854
1221
560
701
683
569
929
1625
1172
1465
680
372
627
841
506
371
265
434
1963
1131
354
271
1462
1063
318
833
1403
1352
570
560
281
993
1618
892
670
552
557
847
663
618
475
172
576
1339
914
247
157
444
350
168
345
720
1109
472
611
982
1622
1850
1333
301
594
749
463
1070
672
568
1147
583
1043
1073
1327
1888
1284
1642
1445
644
1077
1036
727
1025
1348
1293
1559
850
999
1055
750
642
905
1789
947
595
1681
1196
1025
1208
1108
1559
1918
901
986
555
1141
1506
954
882
1746
1443
1143
1798
1755
2427
2058
1083
1140
1792
2045
3190
1054
783
942
1052
3099
2522
1508
1368
2459
2021
3430
2475
2332
3623
2865
2837
2249
3016
3709
2667
3002
3652
3542
1626
2437
1421
2255
3408
2043
2631
1655
2305
1534
918
2461
1026
1064
1188
2286
2863
1273
749
1115
2625
2816
2167
2659
1706
2057
2555
687
2096
3365
3360
2598
1543
2207
2247
1490
1635
2668
2498
3667
2866
911
1342
1588
2439
2436
3156
3184
3185
1723
771
1076
2332
3742
3369
2817
2882
1963
2664
2102
2047
3614
2465
2072
1985
3107
2819
3388
2969
4009
1257
2870
2694
1132
1433
1267
406
1070
2906
1968
1673
525
1221
1541
752
1233
2372
2478
1739
1680
2803
3059
2516
3060
3894
1831
1926
2641
2104
2615
2744
1530
1846
1755
1264
375
1493
1588
1573
1761
2063
3351
1794
2790
2691
3915
2592
3150
1226
2300
3147
2159
2259
2828
1665
661
2188
2230
3388
2690
1537
2003
3536
3125
1315
2486
3613
1855
972
2039
2169
1719
2938
1266
3062
3214
3491
2141
2146
2159
946
1633
1440
1479
2544
2100
2554
2237
2461
3269
3491
3017
2347
2821
2018
3148
2314
2297
2652
2229
2648
2675
1057
1621
2401
1401
1520
2192
1161
863
908
1761
1933
1388
1469
1158
624
494
1152
1454
948
681
984
1131
1733
2355
1620
1052
889
470
753
1235
450
1221
1256
1426
1372
1440
1945
1109
2332
1826
921
513
443
274
699
699
614
540
858
1400
1565
1452
1508
1118
668
952
755
1614
2018
2789
1144
261
339
1249
1409
1004
1573
580
228
268
454
282
479
1111
1790
702
789
710
1898
2404
999
547
458
348
221
215
257
261
286
907
983
937
653
1250
2263
1441
1096
690
693
838
245
765
619
755
574
445
552
801
676
565
990
1050
2034
875
1877
1148
587
1818
1521
925
331
977
1182
2728
1538
786
1135
322
295
386
72
401
1506
2594
2708
1259
434
1200
446
472
640
186
212
764
873
1088
3142
3497
1698
2243
2031
2358
1332
633
642
1595
2190
2663
1107
742
3059
2126
1821
1823
1079
1180
2105
1571
2471
2352
3121
3323
1686
390
2360
2111
3042
4168
3576
1930
3317
1935
2669
1864
3077
3239
2233
1691
1358
447
775
3417
3920
3652
3819
1996
3871
3132
4054
2073
700
1667
2159
3800
3730
2295
1274
2485
898
934
2358
2214
2242
1924
1638
1804
1982
1817
1888
2105
3323
2561
1166
679
199
1252
2400
2113
2351
3531
3060
3016
1179
535
1342
2045
4340
1366
1289
3673
2464
1986
4375
3345
4432
2865
1735
2069
1142
466
2441
2557
4090
3129
1161
806
937
649
717
1876
2273
692
659
2305
3785
2148
2333
2440
3005
2082
2639
2449
3288
3461
2582
1458
486
2464
3339
2108
4165
1879
698
1663
3399
2697
2556
1297
2045
1533
3534
1726
1509
782
554
1301
2071
2939
2582
1462
2143
3815
1680
923
881
1710
2435
1620
2587
3068
3983
4031
1426
1305
1053
2692
2359
2152
2031
2598
2066
1992
1456
3295
3403
2704
2200
2826
2261
3269
3356
1473
1444
1620
2994
4245
1443
2115
2836
1019
2531
1621
667
1046
3072
3682
3868
3371
2783
1876
2401
1636
2048
871
614
1559
568
729
1916
1441
838
649
1471
1105
1022
1223
2118
3638
1620
1548
1572
1346
2199
2311
1920
1407
1125
1926
921
1814
2649
2597
1954
936
1673
1333
2180
723
509
785
696
1137
877
2307
2625
1362
2444
1459
1554
1113
1454
1738
1525
547
1448
1333
936
1455
1699
1998
488
586
925
2611
1659
797
930
953
694
590
278
239
1368
1710
746
1447
430
375
216
1065
1924
946
987
1396
1445
1259
637
980
577
126
256
690
408
274
383
897
1727
1789
1151
2229
1405
637
514
820
496
290
289
608
1097
677
443
761
355
331
624
910
1884
2194
691
807
1487
2107
1009
434
212
492
591
292
361
869
846
724
355
722
904
886
1221
525
543
768
1255
1250
2736
1555
1441
1820
1343
2007
728
861
417
579
1245
1865
1727
1169
751
1688
2387
2694
3954
4181
1802
501
183
371
1269
2128
619
2531
3228
2824
1351
2585
2721
1766
1450
3484
3546
2569
1674
2260
3820
1588
1881
3575
4111
4055
1130
2324
2596
1683
741
1492
2650
3319
1952
467
807
1100
3214
4739
4726
3318
3493
2544
4474
4945
4510
2346
3475
2328
2798
1654
4185
4405
3358
2055
1160
2409
2223
2043
2217
1382
779
1165
847
2141
2357
3697
2634
2030
3574
4567
2733
3581
2919
3672
3354
4297
3863
1956
4267
2238
1629
2899
4294
3951
3008
907
2019
3365
3131
2649
2209
1661
1921
1240
2167
2303
4748
2570
4455
2818
4519
3704
2669
3426
2921
1670
499
708
2685
1998
2595
3221
4736
2329
3634
2769
2849
3901
1420
3440
4509
2081
1577
1275
3108
2475
3585
3072
1736
2815
2597
2596
941
883
839
2887
4815
3957
1718
689
2368
4579
4163
2214
3914
5097
3947
3509
2088
923
694
1157
1956
4027
4192
2715
1368
862
1004
1621
1155
2214
4530
3522
2126
586
1041
2332
3688
3261
3540
1775
1377
2556
3166
1988
4007
4625
2484
4013
3651
3216
1936
3759
3889
3172
2682
3416
3369
1331
1260
1859
1942
1349
665
645
1724
2131
1146
1161
1162
1411
2950
2426
2725
1371
534
2404
1251
1023
787
2495
1779
1483
2489
1526
2594
1601
396
1879
2244
4125
2565
2502
539
733
460
1774
1366
1217
833
2137
1840
1273
2216
3056
1674
539
705
678
720
334
763
2736
3059
2177
1565
1905
2221
