1.000000000000000000e+00 6.621030103994078875e-01
1.000000000000000000e+00 4.319730920659795581e-01
1.000000000000000000e+00 7.253372707587424362e-02
1.000000000000000000e+00 2.682932527485687446e-01
1.000000000000000000e+00 5.061419801233141280e-01
1.000000000000000000e+00 5.784439341105737098e-01
1.000000000000000000e+00 1.624391083091974441e-01
1.000000000000000000e+00 3.592723637740089515e-01
1.000000000000000000e+00 8.334953966276029691e-01
1.000000000000000000e+00 1.000000000000000000e+00
1.000000000000000000e+00 7.664516742707366825e-01
