6.461452095808383200e-01
4.000748502994012079e-01
4.354416167664670878e-01
4.272080838323353835e-01
4.760479041916167997e-01
3.897829341317365359e-01
6.100299401197604998e-02
2.872380239520958556e-01
2.380239520958083999e-01
2.440119760479041999e-01
5.121631736526945922e-01
5.862649700598802083e-01
1.379116766467065880e-01
2.874251497005988476e-01
5.683008982035927525e-01
6.231287425149700798e-01
3.181137724550898160e-01
3.710703592814371676e-01
2.518712574850299757e-01
2.030314371257485317e-01
4.751122754491018396e-01
6.019835329341317598e-01
3.497380239520958556e-01
7.784431137724551197e-02
1.360404191616766678e-01
3.650823353293413676e-01
6.031062874251497119e-01
5.230164670658682402e-01
4.816616766467066157e-01
6.528817365269461437e-01
2.460703592814371676e-01
1.225673652694610760e-01
1.352919161676646720e-01
2.526197604790419438e-01
5.669910179640719194e-02
1.710329341317365359e-01
1.798278443113772718e-01
1.227544910179640958e-01
2.428892215568862478e-01
3.688248502994012079e-01
6.019835329341317598e-01
5.183383233532934398e-01
3.211077844311377438e-01
9.898952095808384588e-02
2.311002994011976119e-01
3.083832335329341756e-01
3.441242514970059840e-01
2.932260479041916557e-01
1.115269461077844360e-01
2.853667664670658799e-01
5.604416167664670878e-01
2.168787425149700798e-01
2.877994011976048316e-01
6.051646706586826241e-01
4.966317365269460882e-01
4.040044910179640958e-01
4.399326347305389517e-01
2.771332335329341756e-01
5.475299401197604166e-01
3.546032934131737036e-01
4.532185628742515515e-01
6.158308383233532801e-01
2.694610778443113919e-01
2.572979041916167997e-01
5.391092814371257758e-01
6.500748502994011524e-01
5.933757485029940160e-01
5.368637724550897605e-01
4.303892215568862478e-01
3.980164670658682957e-01
4.515344311377245679e-01
2.604790419161676640e-01
3.667664670658682957e-01
2.937874251497006317e-01
2.075224550898203679e-01
2.112649700598802638e-01
2.019086826347305519e-01
2.995883233532934398e-01
3.605913173652695036e-01
2.947230538922155918e-01
1.833832335329341479e-01
1.016092814371257619e-01
1.100299401197604859e-01
1.206961077844311558e-01
5.041167664670658244e-01
3.620883233532934398e-01
5.761601796407185283e-01
3.072604790419161680e-01
2.943488023952096078e-01
1.377245508982035960e-01
2.750748502994012079e-01
4.242140718562874557e-01
2.419535928143712877e-01
4.867140718562874557e-01
3.459955089820359597e-01
2.496257485029940160e-01
2.395209580838323637e-01
4.541541916167665116e-01
5.503368263473054078e-01
5.454715568862275044e-01
2.329715568862275599e-01
9.992514970059880597e-02
2.900449101796407358e-01
2.239895209580838598e-01
5.832709580838323360e-01
6.004865269461077126e-01
1.130239520958083860e-01
2.241766467065868518e-01
3.027694610778443596e-01
4.300149700598802638e-01
2.110778443113772718e-01
3.138098802395209996e-01
5.052395209580837765e-01
2.960329341317365359e-01
2.606661676646706560e-01
4.055014970059880319e-01
4.049401197604790559e-01
3.607784431137724956e-01
3.111901197604790559e-01
2.198727544910179799e-01
2.129491017964071919e-01
3.081961077844311836e-01
3.523577844311377438e-01
1.860029940119760639e-01
9.898952095808384588e-02
1.903068862275449358e-01
1.706586826347305519e-01
2.376497005988024158e-01
2.045284431137724679e-01
2.101422155688622839e-01
2.664670658682635196e-01
1.274326347305389240e-01
1.135853293413173759e-01
4.378742514970060395e-02
1.860029940119760639e-01
2.674026946107784797e-01
1.665419161676646720e-01
1.824476047904191878e-01
1.837574850299401319e-01
2.747005988023952239e-01
2.251122754491018119e-01
8.083832335329342589e-02
1.410928143712575078e-01
4.610778443113772718e-01
1.888098802395209719e-01
1.781437125748503159e-01
2.355913173652694759e-01
4.041916167664670878e-01
2.655314371257485040e-01
2.080838323353293440e-01
2.685254491017964318e-01
4.073727544910180076e-01
3.888473053892215758e-01
2.591691616766467199e-01
1.856287425149700798e-01
1.197604790419161680e-01
5.445359281437125998e-02
4.827844311377246095e-02
1.036676646706586880e-01
2.642215568862275599e-01
3.074476047904191600e-01
2.776946107784431517e-01
2.969685628742514960e-01
1.656062874251497119e-01
2.099550898203592919e-01
2.238023952095808677e-01
2.709580838323353280e-01
1.513847305389221798e-01
4.152320359281437279e-01
3.489895209580838320e-01
3.197979041916167997e-01
1.927395209580838598e-01
9.169161676646707393e-02
2.077095808383233599e-02
3.705089820359282193e-02
3.495508982035928636e-01
2.015344311377245679e-01
4.026946107784431517e-01
3.197979041916167997e-01
1.485778443113772440e-01
9.524700598802396390e-02
1.004865269461077959e-01
5.875748502994013189e-02
1.519461077844311558e-01
1.897455089820359320e-01
1.459580838323353280e-01
5.239520958083832697e-02
1.104041916167664700e-01
1.730913173652694759e-01
4.378742514970060395e-02
9.318862275449102395e-02
8.476796407185629989e-02
1.016092814371257619e-01
9.187874251497006595e-02
6.642964071856288788e-02
1.180763473053892260e-01
1.480164670658682680e-01
1.777694610778443318e-01
1.270583832335329399e-01
1.744011976047904200e-01
1.435254491017964318e-01
2.189371257485029851e-02
5.520209580838324193e-02
3.149326347305389517e-01
2.455089820359281361e-01
2.209955089820359320e-01
3.229790419161676640e-01
2.062125748502994238e-01
1.042290419161676779e-01
4.453592814371257896e-02
6.324850299401198195e-02
1.281811377245509198e-01
3.854790419161677195e-02
6.642964071856288788e-02
7.410179640718562999e-02
1.388473053892215758e-01
1.822604790419161680e-01
2.544910179640718501e-02
3.761227544910179799e-02
5.183383233532934398e-02
9.693113772455090593e-02
2.711452095808383200e-01
1.586826347305389240e-01
6.886227544910179799e-02
4.528443113772455397e-02
2.863023952095808747e-02
7.784431137724551197e-02
2.660928143712574800e-01
1.330464071856287400e-01
1.665419161676646650e-02
4.172904191616767094e-02
3.274700598802395696e-02
4.678143712574849879e-03
3.630239520958083999e-02
8.907185628742515793e-02
1.046032934131736619e-01
1.429640718562874280e-01
1.618637724550898438e-01
9.094311377245509198e-02
7.765718562874251996e-02
5.351796407185629295e-02
1.489520958083832558e-01
2.883607784431138077e-01
2.355913173652694759e-01
2.009730538922155918e-01
1.062874251497006040e-01
4.116766467065868795e-02
1.313622754491018119e-01
4.752994011976048594e-02
1.474550898203592919e-01
3.398203592814371676e-01
1.656062874251497119e-01
8.158682634730539396e-02
2.546781437125748560e-01
2.217440119760479278e-01
1.639221556886227560e-01
9.375000000000001388e-02
7.447604790419162790e-02
4.266467065868263797e-02
1.167664670658682680e-01
3.413173652694611038e-01
2.466317365269461437e-01
2.281062874251497119e-01
1.627994011976048039e-01
3.531062874251497119e-01
1.878742514970060118e-01
2.266092814371257758e-01
2.181886227544910239e-01
2.114520958083832558e-01
1.212574850299401319e-01
1.124625748502994099e-01
8.458083832335330787e-02
1.435254491017964318e-01
1.279940119760479278e-01
1.957335329341317598e-01
7.728293413173653592e-02
3.175523952095808400e-01
2.189371257485030198e-01
2.915419161676646720e-01
8.420658682634730996e-02
2.616017964071856716e-01
4.221556886227545435e-01
4.142964071856287678e-01
4.236526946107784797e-01
3.065119760479041999e-01
4.223428143712575356e-01
5.795284431137723846e-01
3.233532934131736480e-01
3.849176646706586880e-01
3.342065868263473516e-01
5.043038922155688164e-01
1.684131736526946199e-01
1.861901197604790559e-01
2.773203592814371676e-01
2.745134730538922319e-01
2.915419161676646720e-01
3.491766467065868240e-01
2.619760479041916557e-01
1.966691616766467199e-01
2.483158682634730718e-01
2.621631736526946477e-01
3.948353293413173759e-01
3.474925149700598959e-01
3.396332335329341756e-01
2.999625748502994238e-01
2.339071856287425200e-01
2.050898203592814439e-01
8.308383233532934398e-02
9.169161676646707393e-02
8.944610778443114196e-02
6.830089820359282193e-02
2.851796407185628879e-01
3.437500000000000000e-01
5.145958083832334884e-01
6.233158682634730718e-01
6.278068862275448803e-01
1.532559880239521000e-01
1.248128742514970080e-01
6.362275449101796598e-02
6.306137724550898993e-02
1.788922155688622839e-01
2.312874251497006040e-01
2.035928143712575078e-01
3.648952095808383894e-02
1.047904191616766539e-01
5.684880239520957446e-01
7.282934131736527039e-01
3.703218562874251996e-01
3.313997005988024158e-01
1.599925149700598959e-01
7.260479041916167997e-02
2.793787425149700798e-01
4.041916167664670878e-01
2.572979041916167997e-01
3.802395209580838320e-01
3.843562874251497119e-01
4.300149700598802638e-01
3.798652694610778480e-01
3.551646706586826796e-01
2.314745508982035960e-01
1.206961077844311558e-01
1.897455089820359320e-01
3.785553892215569038e-01
4.700598802395209996e-01
2.952844311377245679e-01
2.821856287425150156e-01
4.756736526946108157e-01
3.345808383233533356e-01
4.936377245508982159e-01
3.474925149700598959e-01
7.503742514970060395e-02
4.769835329341317598e-01
3.461826347305389517e-01
7.243637724550897605e-01
7.595434131736527039e-01
3.561002994011976397e-01
2.816242514970059840e-01
2.256736526946107879e-01
2.629116766467066157e-01
6.358532934131736480e-01
1.308008982035928358e-01
5.108532934131736897e-02
3.922155688622754877e-01
3.933383233532934398e-01
4.305763473053892398e-01
2.155688622754491079e-01
2.612275449101796321e-01
4.487275449101796876e-01
6.652320359281437279e-01
4.410553892215569038e-01
5.159056886227544325e-01
4.986901197604791114e-01
5.104790419161676640e-01
6.322979041916167997e-01
4.749251497005988476e-01
7.135104790419161125e-01
4.610778443113772718e-01
3.821107784431138077e-01
1.641092814371257480e-01
3.255988023952096494e-02
3.080089820359281916e-01
2.964071856287425200e-01
5.290044910179640958e-01
7.965943113772454565e-01
5.686751497005987366e-01
5.653068862275448803e-01
4.255239520958083999e-01
2.421407185628742798e-01
3.205464071856287678e-01
2.975299401197604721e-01
2.078967065868263520e-01
3.340194610778443596e-01
4.893338323353293995e-01
5.415419161676646720e-01
5.967440119760478723e-01
7.232410179640718084e-01
5.449101796407185283e-01
2.900449101796407358e-01
2.550523952095808400e-01
2.726422155688623117e-01
2.011601796407185838e-01
1.684131736526946199e-01
2.369011976047904477e-01
4.655688622754491357e-01
3.845434131736527039e-01
4.462949101796407358e-01
6.459580838323353280e-01
3.312125748502994238e-01
1.558757485029940160e-01
5.232035928143712322e-01
3.310254491017964318e-01
2.700224550898203679e-01
3.721931137724551197e-01
6.070359281437125443e-01
7.453218562874250885e-01
4.904565868263473516e-01
4.504116766467066157e-01
4.176646706586826796e-01
2.206212574850299479e-01
2.161302395209581118e-01
2.342814371257485317e-01
6.394086826347304964e-01
3.536676646706586880e-01
3.886601796407185838e-01
3.188622754491018396e-01
2.640344311377245679e-01
2.112649700598802638e-01
4.835329341317365359e-01
3.824850299401197917e-01
4.554640718562874557e-01
1.687874251497006040e-01
3.514221556886227837e-01
5.086077844311377438e-01
5.973053892215568483e-01
6.405314371257484485e-01
6.206961077844310726e-01
5.946856287425149601e-01
4.146706586826347518e-01
3.557260479041916557e-01
2.848053892215569038e-01
3.033308383233533356e-01
4.870883233532934398e-01
7.204341317365269282e-01
7.007859281437125443e-01
2.660928143712574800e-01
2.183757485029940160e-01
2.020958083832335439e-01
5.415419161676646720e-01
5.626871257485029920e-01
3.100673652694611038e-01
2.915419161676646720e-01
2.206212574850299479e-01
8.757485029940120791e-02
1.957335329341317598e-01
5.181511976047904477e-01
5.754116766467065602e-01
3.847305389221556959e-01
2.470059880239521277e-01
1.596182634730539118e-01
4.025074850299401596e-01
6.120883233532934398e-01
4.479790419161677195e-01
3.504865269461078237e-01
4.505988023952096078e-01
4.711826347305389517e-01
3.667664670658682957e-01
5.507110778443113919e-01
4.872754491017964318e-01
4.408682634730539118e-01
5.497754491017964318e-01
2.805014970059880319e-01
4.043787425149700798e-01
6.399700598802394724e-01
8.224176646706586880e-01
3.950224550898203679e-01
3.476796407185628879e-01
3.779940119760479278e-01
3.678892215568862478e-01
4.487275449101796876e-01
5.005613772455089761e-01
2.674026946107784797e-01
1.480164670658682680e-01
2.251122754491018119e-01
3.495508982035928636e-01
5.424775449101796321e-01
3.005239520958083999e-01
2.466317365269461437e-01
3.834206586826347518e-01
3.504865269461078237e-01
3.040793413173653037e-01
2.952844311377245679e-01
1.613023952095808400e-01
5.445359281437125998e-02
1.790793413173652759e-01
2.337200598802395279e-01
3.851047904191616800e-01
5.568862275449101285e-01
2.052769461077844360e-01
4.549026946107784797e-01
5.406062874251497119e-01
2.024700598802395279e-01
1.373502994011976119e-01
1.409056886227545158e-01
2.747005988023952239e-01
4.442365269461078237e-01
4.075598802395209996e-01
2.988398203592814717e-01
3.517964071856287678e-01
3.637724550898203679e-01
3.093188622754491357e-01
2.943488023952096078e-01
2.002245508982035960e-01
4.803517964071856716e-01
4.532185628742515515e-01
3.970808383233533356e-01
3.274700598802395279e-01
4.189745508982036237e-01
3.179266467065868240e-01
7.372754491017964595e-02
1.384730538922155918e-01
1.760853293413173759e-01
2.894835329341317598e-01
1.278068862275449080e-01
8.177395209580838598e-02
2.165044910179640958e-01
1.687874251497006040e-01
2.597305389221556959e-01
2.498128742514970080e-01
4.152320359281437279e-01
1.740269461077844360e-01
1.867514970059880319e-01
3.476796407185628879e-01
9.824101796407186393e-02
1.270583832335329399e-01
8.308383233532934398e-02
9.786676646706587990e-02
2.879865269461078237e-01
2.616017964071856716e-01
1.865643712574850399e-01
1.933008982035928358e-01
3.420658682634730718e-01
2.307260479041916279e-01
2.260479041916167720e-01
3.658308383233533356e-01
1.513847305389221798e-01
2.571107784431138077e-01
3.448727544910180076e-01
2.144461077844311558e-01
7.466317365269461992e-02
1.160179640718562999e-01
1.096556886227545019e-01
8.720059880239522387e-02
1.609281437125748560e-01
2.977170658682635196e-01
2.035928143712575078e-01
2.655314371257485040e-01
9.562125748502994793e-02
4.827844311377246095e-02
1.029191616766467199e-01
1.425898203592814439e-01
7.148203592814371399e-02
5.052395209580838598e-02
3.106287425149700451e-02
6.605538922155688997e-02
3.648952095808383755e-01
1.940494011976048039e-01
3.312125748502994793e-02
3.386976047904192294e-02
2.672155688622754877e-01
1.803892215568862478e-01
2.769461077844311350e-02
1.446482035928143839e-01
2.535553892215569038e-01
2.421407185628742798e-01
7.391467065868263797e-02
8.851047904191618187e-02
3.143712574850299896e-02
1.758982035928143839e-01
2.962200598802395279e-01
1.410928143712575078e-01
1.057260479041916279e-01
8.458083832335330787e-02
8.720059880239522387e-02
1.448353293413173759e-01
1.040419161676646859e-01
9.824101796407186393e-02
6.998502994011976397e-02
1.178892215568862201e-02
9.562125748502994793e-02
2.417664670658682680e-01
1.493263473053892398e-01
1.815119760479041999e-02
1.328592814371257549e-02
6.998502994011976397e-02
4.771706586826347796e-02
1.347305389221556751e-02
5.071107784431138493e-02
1.220059880239521000e-01
1.955464071856287678e-01
5.931886227544910795e-02
1.001122754491018119e-01
1.712200598802395279e-01
2.969685628742514960e-01
3.454341317365269837e-01
2.389595808383233599e-01
1.515718562874251649e-02
9.936377245508982992e-02
1.251871257485029920e-01
6.586826347305389795e-02
1.899326347305389240e-01
1.023577844311377300e-01
8.888473053892216591e-02
2.043413173652694759e-01
8.196107784431137799e-02
1.841317365269461159e-01
1.858158682634730718e-01
2.376497005988024158e-01
3.512350299401197917e-01
2.282934131736527039e-01
3.016467065868263520e-01
2.621631736526946477e-01
8.832335329341317598e-02
1.906811377245509198e-01
1.779565868263473238e-01
1.148952095808383339e-01
1.792664670658682680e-01
2.421407185628742798e-01
2.299775449101796598e-01
2.848053892215569038e-01
1.324850299401197640e-01
1.732784431137724679e-01
1.826347305389221798e-01
1.193862275449101840e-01
1.023577844311377300e-01
1.558757485029940160e-01
3.302769461077844637e-01
1.517589820359281638e-01
9.019461077844312391e-02
3.093188622754491357e-01
2.086452095808383478e-01
1.749625748502994238e-01
2.138847305389221798e-01
1.919910179640718639e-01
2.846182634730539118e-01
3.587200598802395279e-01
1.397829341317365359e-01
1.702844311377245679e-01
7.990269461077845192e-02
2.034056886227545158e-01
2.739520958083832558e-01
1.564371257485030198e-01
1.483907185628742520e-01
3.218562874251497119e-01
2.623502994011976397e-01
1.979790419161676918e-01
3.325224550898203679e-01
3.278443113772455120e-01
4.605164670658682957e-01
3.948353293413173759e-01
1.839446107784431239e-01
2.004116766467065880e-01
3.317739520958083999e-01
3.862275449101796876e-01
6.098428143712574245e-01
1.860029940119760639e-01
1.270583832335329399e-01
1.627994011976048039e-01
1.835703592814371399e-01
5.892589820359280806e-01
4.876497005988024158e-01
2.842440119760479278e-01
2.468188622754491357e-01
4.642589820359281916e-01
3.877245508982036237e-01
6.566242514970059840e-01
4.807260479041916557e-01
4.479790419161677195e-01
6.946107784431138077e-01
5.537050898203592642e-01
5.449101796407185283e-01
4.348802395209581118e-01
5.759730538922155363e-01
7.122005988023951684e-01
5.183383233532934398e-01
5.752245508982035682e-01
7.007859281437125443e-01
6.809505988023951684e-01
3.211077844311377438e-01
4.620134730538922319e-01
2.634730538922155918e-01
4.244011976047904477e-01
6.510104790419161125e-01
3.998877245508982159e-01
5.013098802395209441e-01
3.154940119760479278e-01
4.358158682634730718e-01
2.866766467065868240e-01
1.497005988023952239e-01
4.625748502994012079e-01
1.725299401197604998e-01
1.860029940119760639e-01
2.107035928143712600e-01
4.292664670658682957e-01
5.460329341317364804e-01
2.342814371257485317e-01
1.175149700598802499e-01
1.983532934131736758e-01
4.951347305389221520e-01
5.385479041916167997e-01
4.176646706586826796e-01
5.069236526946107046e-01
3.255988023952096078e-01
3.877245508982036237e-01
4.861526946107784797e-01
9.187874251497006595e-02
3.910928143712575356e-01
6.412799401197604166e-01
6.425898203592814717e-01
4.996257485029940715e-01
2.902320359281437279e-01
4.150449101796407358e-01
4.266467065868263520e-01
2.761976047904191600e-01
3.020209580838323360e-01
5.046781437125748004e-01
4.769835329341317598e-01
7.005988023952095523e-01
5.508982035928143839e-01
1.504491017964071919e-01
2.430763473053892398e-01
2.919161676646706560e-01
4.599550898203593197e-01
4.638847305389222075e-01
6.006736526946108157e-01
6.081586826347304964e-01
6.083458083832334884e-01
3.319610778443113919e-01
1.190119760479041999e-01
1.912425149700598959e-01
4.373128742514970080e-01
7.150074850299401596e-01
6.457709580838323360e-01
5.404191616766467199e-01
5.499625748502994238e-01
3.768712574850299757e-01
5.050523952095807845e-01
4.019461077844311836e-01
3.873502994011976397e-01
6.889970059880239361e-01
4.764221556886227837e-01
3.950224550898203679e-01
3.750000000000000000e-01
5.896332335329340646e-01
5.392964071856287678e-01
6.457709580838323360e-01
5.686751497005987366e-01
7.677769461077844637e-01
2.359655688622754599e-01
5.421032934131736480e-01
5.136601796407185283e-01
2.007859281437125998e-01
2.621631736526946477e-01
2.286676646706586880e-01
5.183383233532934398e-02
1.929266467065868518e-01
5.490269461077844637e-01
3.761227544910180076e-01
3.126871257485029920e-01
6.942365269461078792e-02
2.217440119760479278e-01
2.834955089820359597e-01
1.210703592814371399e-01
2.232410179640718639e-01
4.457335329341317598e-01
4.709955089820359597e-01
3.285928143712574800e-01
3.128742514970059840e-01
5.301272455089820479e-01
5.823353293413173759e-01
4.812874251497006317e-01
5.817739520958083999e-01
7.440119760479041444e-01
3.549775449101796876e-01
3.622754491017964318e-01
5.000000000000000000e-01
4.011976047904192155e-01
4.958832335329341201e-01
5.222679640718562721e-01
2.877994011976048316e-01
3.450598802395209996e-01
3.284056886227544880e-01
2.284805389221556959e-01
4.565868263473054495e-02
2.748877245508982159e-01
2.937874251497006317e-01
2.909805389221556959e-01
3.284056886227544880e-01
3.884730538922155918e-01
6.364146706586826241e-01
3.446856287425150156e-01
5.280688622754491357e-01
5.129116766467065602e-01
7.471931137724551197e-01
4.996257485029940715e-01
5.988023952095807845e-01
2.239895209580838598e-01
4.320733532934131760e-01
5.973053892215568483e-01
4.141092814371257758e-01
4.285179640718563276e-01
5.366766467065867685e-01
3.156811377245509198e-01
1.004865269461077959e-01
4.096182634730539118e-01
4.227170658682635196e-01
6.435254491017964318e-01
5.149700598802394724e-01
2.889221556886227837e-01
3.757485029940120236e-01
6.717814371257484485e-01
5.969311377245508643e-01
2.430763473053892398e-01
4.680014970059880319e-01
6.869386227544910239e-01
3.568488023952096078e-01
1.671032934131736758e-01
3.808008982035928636e-01
4.099925149700598959e-01
3.229790419161676640e-01
5.557634730538921763e-01
2.312874251497006040e-01
5.789670658682634086e-01
6.115269461077844637e-01
6.648577844311377438e-01
4.116766467065868795e-01
4.064371257485030475e-01
4.086826347305389517e-01
1.607410179640718639e-01
3.020209580838323360e-01
2.649700598802395279e-01
2.724550898203593197e-01
4.796032934131737036e-01
3.991392215568862478e-01
4.837200598802395279e-01
4.253368263473054078e-01
4.666916167664670878e-01
6.203218562874250885e-01
6.646706586826347518e-01
5.757859281437125443e-01
4.481661676646707115e-01
5.351796407185628324e-01
3.845434131736527039e-01
5.965568862275448803e-01
4.423652694610778480e-01
4.358158682634730718e-01
5.028068862275448803e-01
4.242140718562874557e-01
5.018712574850299202e-01
5.084206586826347518e-01
1.848802395209580840e-01
2.999625748502994238e-01
4.526571856287425200e-01
2.586077844311377438e-01
2.805014970059880319e-01
4.120508982035928636e-01
2.075224550898203679e-01
1.491392215568862478e-01
1.598053892215569038e-01
3.269086826347305519e-01
3.628368263473054078e-01
2.548652694610778480e-01
2.702095808383233599e-01
2.077095808383233599e-01
1.006736526946107879e-01
7.990269461077845192e-02
2.090194610778443318e-01
2.672155688622754877e-01
1.648577844311377438e-01
1.141467065868263520e-01
1.755239520958083999e-01
2.034056886227545158e-01
3.218562874251497119e-01
4.440494011976048316e-01
3.033308383233533356e-01
1.856287425149700798e-01
1.551272455089820479e-01
7.241766467065868795e-02
1.315494011976048039e-01
2.243637724550898438e-01
6.399700598802396390e-02
2.224925149700598959e-01
2.279191616766467199e-01
2.616017964071856716e-01
2.509356287425150156e-01
2.645958083832335439e-01
3.639595808383233599e-01
1.966691616766467199e-01
4.378742514970060395e-01
3.443113772455090316e-01
1.569985029940119958e-01
8.102544910179641791e-02
7.054640718562875390e-02
3.798652694610778896e-02
1.220059880239521000e-01
1.193862275449101840e-01
1.027320359281437279e-01
8.888473053892216591e-02
1.515718562874251718e-01
2.565494011976048316e-01
2.892964071856287678e-01
2.672155688622754877e-01
2.780688622754491357e-01
1.994760479041916279e-01
1.102170658682634780e-01
1.695359281437125998e-01
1.289296407185628879e-01
2.984655688622754877e-01
3.787425149700598959e-01
5.278817365269460327e-01
2.039670658682634918e-01
2.657185628742514752e-02
5.239520958083832697e-02
2.281062874251497119e-01
2.582335329341317598e-01
1.766467065868263520e-01
2.904191616766467199e-01
8.663922155688623394e-02
2.825598802395209649e-02
3.873502994011976397e-02
7.447604790419162790e-02
3.967065868263473793e-02
7.934131736526946199e-02
2.011601796407185838e-01
3.328967065868263520e-01
1.102170658682634780e-01
1.375374251497006040e-01
1.212574850299401319e-01
3.534805389221556959e-01
4.541541916167665116e-01
1.719685628742515238e-01
8.738772455089821589e-02
7.354041916167665394e-02
5.276946107784431794e-02
2.881736526946107949e-02
2.863023952095808747e-02
3.686377245508982298e-02
3.742514970059880597e-02
4.229041916167665394e-02
1.624251497005988198e-01
1.745883233532934398e-01
1.652320359281437279e-01
1.089071856287425200e-01
2.277320359281437279e-01
4.249625748502994238e-01
2.660928143712574800e-01
1.949850299401197640e-01
1.148952095808383339e-01
1.186377245508982159e-01
1.468937125748503159e-01
2.844311377245508851e-02
1.351047904191616800e-01
1.032934131736527039e-01
1.311751497005988198e-01
9.468562874251497397e-02
7.092065868263473793e-02
9.262724550898204789e-02
1.405314371257485040e-01
1.143338323353293440e-01
9.356287425149700798e-02
1.772080838323353558e-01
1.873128742514970080e-01
3.800523952095808400e-01
1.465194610778443318e-01
3.495508982035928636e-01
2.052769461077844360e-01
9.431137724550898993e-02
3.381362275449101840e-01
2.816242514970059840e-01
1.601796407185628879e-01
4.547155688622755293e-02
1.758982035928143839e-01
2.138847305389221798e-01
5.142215568862275044e-01
2.876122754491018396e-01
1.311751497005988198e-01
2.050898203592814439e-01
4.060628742514970496e-02
4.416167664670659493e-02
6.175149700598803193e-02
0.000000000000000000e+00
6.605538922155688997e-02
2.778817365269461437e-01
4.891467065868263520e-01
5.138473053892215203e-01
2.288547904191616800e-01
6.175149700598803193e-02
2.187500000000000278e-01
6.493263473053892398e-02
7.784431137724551197e-02
1.100299401197604859e-01
2.002245508982036098e-02
2.900449101796407150e-02
1.352919161676646720e-01
1.538173652694610760e-01
1.955464071856287678e-01
5.944985029940119681e-01
6.646706586826347518e-01
3.224176646706586880e-01
4.225299401197605276e-01
3.837949101796407358e-01
4.457335329341317598e-01
2.438248502994012079e-01
1.016092814371257619e-01
1.096556886227545019e-01
2.947230538922155918e-01
4.118637724550898715e-01
5.039296407185628324e-01
1.957335329341317598e-01
1.259356287425149878e-01
5.785928143712574245e-01
4.047529940119760639e-01
3.422529940119760639e-01
3.415044910179640958e-01
1.908682634730539118e-01
2.131362275449101840e-01
3.940868263473054078e-01
2.924775449101796876e-01
4.657559880239521277e-01
4.459206586826347518e-01
5.913173652694611038e-01
6.313622754491017286e-01
3.194236526946108157e-01
4.491017964071856994e-02
4.433008982035928636e-01
3.995134730538922319e-01
5.757859281437125443e-01
7.956586826347304964e-01
6.837574850299401596e-01
3.690119760479041999e-01
6.285553892215568483e-01
3.690119760479041999e-01
5.046781437125748004e-01
3.529191616766467199e-01
5.821482035928143839e-01
6.148952095808383200e-01
4.260853293413173759e-01
3.171781437125748560e-01
2.486901197604790559e-01
6.324850299401198195e-02
1.366017964071856439e-01
6.485778443113772163e-01
7.466317365269461437e-01
6.961077844311377438e-01
7.269835329341317598e-01
3.826721556886227837e-01
7.363398203592814717e-01
5.971182634730538563e-01
7.715194610778443041e-01
3.985778443113772718e-01
1.094685628742515099e-01
3.089446107784431517e-01
4.064371257485030475e-01
7.215568862275448803e-01
7.095808383233532801e-01
4.386227544910180076e-01
2.324101796407185838e-01
4.676272455089820479e-01
1.513847305389221798e-01
1.659805389221556959e-01
4.425523952095808955e-01
4.191616766467066157e-01
4.242140718562874557e-01
3.630239520958083999e-01
3.057634730538922319e-01
3.375748502994012079e-01
3.727544910179640958e-01
3.411302395209581118e-01
3.544161676646706560e-01
3.967065868263473516e-01
6.291167664670658244e-01
4.872754491017964318e-01
2.095808383233533079e-01
1.139595808383233599e-01
2.339071856287425200e-02
2.296032934131736758e-01
4.513473053892215758e-01
3.998877245508982159e-01
4.446107784431138077e-01
6.689745508982035682e-01
5.812125748502994238e-01
5.720434131736527039e-01
2.123877245508982159e-01
8.514221556886228393e-02
2.462574850299401596e-01
3.832335329341317598e-01
8.285928143712575356e-01
2.556137724550898160e-01
2.354041916167664839e-01
6.970434131736527039e-01
4.702470059880239917e-01
3.759356287425150156e-01
8.343937125748502881e-01
6.394086826347304964e-01
8.439371257485029920e-01
5.490269461077844637e-01
3.280314371257485040e-01
3.895958083832335439e-01
2.052769461077844360e-01
7.148203592814371399e-02
4.586452095808383755e-01
4.846556886227545435e-01
7.758233532934131205e-01
5.963697604790418882e-01
2.090194610778443318e-01
1.395958083832335439e-01
1.671032934131736758e-01
1.098428143712574939e-01
1.248128742514970080e-01
3.495508982035928636e-01
4.290793413173653037e-01
1.085329341317365359e-01
1.137724550898203679e-01
4.322604790419162235e-01
7.166916167664670878e-01
4.099925149700598959e-01
4.412425149700598959e-01
4.620134730538922319e-01
5.684880239520957446e-01
3.955838323353293440e-01
4.988772455089821034e-01
4.644461077844311836e-01
6.216317365269461437e-01
6.553143712574850399e-01
4.912050898203593197e-01
2.707709580838323360e-01
7.316616766467066990e-02
4.629491017964071919e-01
6.311751497005987366e-01
4.006362275449101840e-01
7.909805389221556959e-01
3.583458083832335439e-01
1.141467065868263520e-01
3.083832335329341756e-01
6.422155688622754877e-01
5.117889221556886081e-01
4.839071856287425200e-01
2.376497005988024158e-01
3.830464071856287678e-01
2.851796407185628879e-01
6.684131736526945922e-01
3.254116766467066157e-01
2.799401197604790559e-01
1.343562874251497119e-01
9.337574850299401596e-02
2.387724550898203679e-01
3.880988023952096078e-01
5.546407185628742242e-01
4.891467065868263520e-01
2.711452095808383200e-01
4.021332335329341756e-01
7.217440119760478723e-01
3.164296407185628879e-01
1.622380239520958278e-01
1.566242514970060118e-01
3.175523952095808400e-01
4.584580838323353835e-01
3.027694610778443596e-01
4.870883233532934398e-01
5.793413173652693926e-01
7.537425149700598404e-01
7.659056886227544325e-01
2.651571856287425200e-01
2.393338323353293717e-01
1.895583832335329399e-01
5.063622754491017286e-01
4.464820359281437279e-01
4.064371257485030475e-01
3.826721556886227837e-01
4.900823353293413676e-01
3.903443113772455120e-01
3.750000000000000000e-01
2.694610778443113919e-01
6.220059880239521277e-01
6.433383233532934398e-01
5.125374251497005762e-01
4.159805389221556959e-01
5.333083832335329122e-01
4.277694610778443596e-01
6.169535928143712322e-01
6.343562874251497119e-01
2.741392215568862478e-01
2.664670658682635196e-01
3.007110778443113919e-01
5.641841317365269282e-01
8.040793413173652482e-01
2.696482035928143839e-01
3.965194610778443596e-01
5.348053892215568483e-01
1.790793413173652759e-01
4.752994011976048316e-01
3.029565868263473516e-01
1.102170658682634780e-01
1.891841317365269559e-01
5.791541916167664006e-01
6.955464071856287678e-01
7.324101796407185283e-01
6.388473053892215203e-01
5.273203592814370566e-01
3.538547904191616800e-01
4.522829341317365359e-01
3.059505988023952239e-01
3.841691616766467199e-01
1.502619760479041999e-01
1.046032934131736619e-01
2.883607784431138077e-01
9.075598802395209996e-02
1.283682634730539118e-01
3.572230538922155918e-01
2.664670658682635196e-01
1.461452095808383478e-01
1.117140718562874280e-01
2.715194610778443041e-01
1.994760479041916279e-01
1.837574850299401319e-01
2.232410179640718639e-01
3.967065868263473516e-01
6.871257485029940160e-01
3.042664670658682957e-01
2.872380239520958556e-01
2.917290419161676640e-01
2.473802395209581118e-01
4.124251497005988476e-01
4.360029940119760639e-01
3.613398203592814717e-01
2.593562874251497119e-01
2.034056886227545158e-01
3.592814371257485040e-01
1.611152694610778480e-01
3.375748502994012079e-01
4.988772455089821034e-01
4.906437125748503436e-01
3.682634730538922319e-01
1.642964071856287678e-01
3.104416167664670878e-01
2.447604790419161680e-01
4.086826347305389517e-01
1.193862275449101840e-01
8.532934131736527594e-02
1.394086826347305519e-01
1.212574850299401319e-01
2.069610778443113919e-01
1.555014970059880319e-01
4.324476047904192155e-01
4.951347305389221520e-01
2.507485029940119681e-01
4.590194610778443596e-01
2.700224550898203679e-01
2.879865269461078237e-01
2.011601796407185838e-01
2.681511976047904477e-01
3.237275449101796876e-01
2.825598802395209996e-01
8.776197604790419993e-02
2.672155688622754877e-01
2.447604790419161680e-01
1.665419161676646720e-01
2.683383233532934398e-01
3.160553892215569038e-01
3.742514970059880319e-01
7.279191616766467199e-02
1.016092814371257619e-01
1.665419161676646720e-01
4.904565868263473516e-01
3.095059880239521277e-01
1.380988023952095800e-01
1.671032934131736758e-01
1.712200598802395279e-01
1.206961077844311558e-01
1.014221556886227699e-01
4.135479041916167997e-02
3.517964071856288094e-02
2.522455089820359597e-01
3.181137724550898160e-01
1.278068862275449080e-01
2.670284431137724956e-01
6.568113772455090593e-02
6.100299401197604998e-02
3.050149700598802846e-02
1.942365269461077959e-01
3.589071856287425200e-01
1.674775449101796598e-01
1.779565868263473238e-01
2.571107784431138077e-01
2.668413173652695036e-01
2.303517964071856439e-01
1.083458083832335439e-01
1.770209580838323360e-01
9.786676646706587990e-02
1.197604790419161749e-02
3.910928143712575494e-02
1.221931137724550920e-01
6.624251497005988198e-02
4.154191616766467893e-02
6.306137724550898993e-02
1.616766467065868518e-01
3.209206586826347518e-01
3.340194610778443596e-01
2.088323353293413398e-01
4.174775449101796876e-01
2.589820359281437279e-01
1.074101796407185699e-01
8.701347305389221798e-02
1.465194610778443318e-01
8.270958083832335994e-02
4.434880239520958695e-02
4.491017964071856994e-02
1.062874251497006040e-01
1.996631736526946199e-01
1.167664670658682680e-01
7.316616766467066990e-02
1.352919161676646720e-01
5.557634730538922596e-02
5.276946107784431794e-02
1.092814371257485179e-01
1.635479041916167720e-01
3.510479041916167997e-01
4.120508982035928636e-01
1.141467065868263520e-01
1.437125748502994238e-01
2.747005988023952239e-01
3.944610778443113919e-01
1.796407185628742520e-01
6.998502994011976397e-02
2.975299401197604651e-02
8.439371257485030198e-02
1.025449101796407220e-01
4.434880239520958695e-02
5.894461077844312391e-02
1.564371257485030198e-01
1.506362275449101840e-01
1.270583832335329399e-01
5.595059880239521694e-02
1.281811377245509198e-01
1.622380239520958278e-01
1.583083832335329399e-01
2.234281437125748560e-01
8.645209580838324193e-02
9.318862275449102395e-02
1.366017964071856439e-01
2.299775449101796598e-01
2.288547904191616800e-01
5.144086826347304964e-01
2.887350299401197917e-01
2.660928143712574800e-01
3.394461077844311836e-01
2.468188622754491357e-01
3.751871257485029920e-01
1.229416167664670878e-01
1.540044910179640958e-01
6.736526946107784797e-02
1.004865269461077959e-01
2.282934131736527039e-01
3.476796407185628879e-01
3.220434131736527039e-01
2.125748502994012079e-01
1.313622754491018119e-01
3.134356287425150156e-01
4.483532934131737036e-01
5.072979041916167997e-01
7.464446107784431517e-01
7.926646706586826241e-01
3.385104790419161680e-01
7.784431137724551197e-02
2.395209580838323499e-02
6.137724550898204789e-02
2.331586826347305519e-01
3.982035928143712877e-01
1.002994011976048039e-01
4.752994011976048316e-01
6.079715568862275044e-01
5.321856287425149601e-01
2.477544910179640958e-01
4.855913173652695036e-01
5.123502994011975842e-01
3.299026946107784797e-01
2.679640718562874557e-01
6.579341317365269282e-01
6.687874251497005762e-01
4.844685628742515515e-01
3.119386227544910239e-01
4.240269461077844637e-01
7.211826347305388962e-01
2.950973053892215758e-01
3.514221556886227837e-01
6.744011976047904477e-01
7.771332335329341756e-01
7.685254491017964318e-01
2.020958083832335439e-01
4.354416167664670878e-01
4.885853293413173759e-01
3.138098802395209996e-01
1.276197604790419160e-01
2.758233532934131760e-01
4.979416167664671433e-01
6.250000000000000000e-01
3.663922155688623117e-01
7.129491017964072197e-02
1.446482035928143839e-01
2.004116766467065880e-01
6.059131736526945922e-01
8.991392215568861923e-01
9.030688622754491357e-01
6.296781437125748004e-01
6.573727544910179521e-01
4.794161676646707115e-01
8.467440119760478723e-01
9.315119760479041444e-01
8.080089820359281916e-01
4.302020958083832558e-01
6.620508982035927525e-01
4.328218562874251996e-01
5.314371257485029920e-01
2.909805389221556959e-01
7.969685628742514405e-01
8.579715568862275044e-01
6.839446107784431517e-01
3.641467065868263520e-01
2.050898203592814439e-01
4.519086826347305519e-01
4.163547904191616800e-01
3.802395209580838320e-01
4.156062874251497119e-01
2.460703592814371676e-01
1.351047904191616800e-01
2.123877245508982159e-01
1.495134730538922319e-01
4.002619760479041999e-01
4.436751497005988476e-01
7.090194610778443041e-01
4.966317365269460882e-01
3.684505988023952239e-01
6.787050898203592642e-01
8.903443113772454565e-01
5.129116766467065602e-01
6.833832335329341756e-01
5.580089820359280806e-01
7.024700598802394724e-01
6.497005988023951684e-01
8.265344311377245123e-01
7.580464071856287678e-01
3.351422155688623117e-01
8.121257485029940160e-01
4.028817365269461437e-01
2.995883233532934398e-01
5.473428143712574245e-01
8.192365269461078237e-01
7.683383233532934398e-01
5.724176646706586880e-01
1.407185628742514960e-01
3.766841317365269837e-01
6.358532934131736480e-01
5.946856287425149601e-01
4.985029940119761194e-01
4.116766467065868795e-01
3.052020958083832558e-01
3.577844311377245679e-01
2.236152694610778480e-01
4.051272455089820479e-01
4.315119760479041999e-01
9.086826347305388962e-01
4.728667664670658799e-01
8.465568862275448803e-01
5.284431137724551197e-01
8.604041916167665116e-01
7.114520958083832003e-01
4.992514970059880874e-01
6.478293413173652482e-01
5.518338323353293440e-01
2.994011976047904477e-01
7.877994011976048594e-02
1.251871257485029920e-01
5.044910179640718084e-01
3.688248502994012079e-01
4.880239520958083999e-01
6.089071856287424644e-01
9.066242514970059840e-01
4.154191616766467199e-01
6.850673652694611038e-01
5.179640718562874557e-01
5.349925149700598404e-01
7.339071856287424644e-01
2.249251497005988198e-01
6.489520958083832003e-01
8.574101796407185283e-01
3.643338323353293440e-01
2.894835329341317598e-01
2.320359281437125998e-01
5.847679640718562721e-01
4.597679640718563276e-01
6.740269461077844637e-01
5.776571856287424644e-01
3.106287425149700798e-01
5.286302395209581118e-01
4.852170658682635196e-01
4.855913173652695036e-01
1.571856287425149878e-01
1.577470059880239639e-01
1.493263473053892398e-01
5.426646706586826241e-01
9.172904191616766401e-01
7.666541916167665116e-01
2.980913173652695036e-01
1.171407185628742659e-01
4.434880239520958556e-01
8.637724550898203679e-01
7.986526946107784797e-01
4.030688622754491357e-01
7.359655688622754877e-01
1.000000000000000000e+00
7.668413173652695036e-01
6.627994011976048316e-01
3.826721556886227837e-01
1.609281437125748560e-01
1.214446107784431239e-01
2.110778443113772718e-01
3.645209580838323360e-01
7.587949101796407358e-01
7.926646706586826241e-01
5.089820359281437279e-01
2.447604790419161680e-01
1.525074850299401319e-01
1.815119760479041999e-01
3.001497005988024158e-01
2.090194610778443318e-01
4.139221556886227837e-01
8.544161676646706560e-01
6.613023952095807845e-01
3.918413173652695036e-01
9.412425149700599791e-02
1.891841317365269559e-01
4.365643712574850399e-01
6.927395209580837765e-01
6.107784431137723846e-01
6.629865269461078237e-01
3.211077844311377438e-01
2.528068862275449358e-01
4.796032934131737036e-01
5.948727544910179521e-01
3.667664670658682957e-01
7.544910179640718084e-01
8.802395209580838875e-01
4.571482035928143839e-01
7.528068862275448803e-01
6.833832335329341756e-01
6.023577844311377438e-01
3.562874251497006317e-01
7.075224550898203679e-01
7.271706586826347518e-01
5.922529940119760639e-01
5.011227544910179521e-01
6.401571856287424644e-01
6.294910179640718084e-01
2.335329341317365359e-01
2.305389221556886359e-01
3.459955089820359597e-01
3.620883233532934398e-01
2.466317365269461437e-01
1.143338323353293440e-01
1.128368263473053940e-01
3.199850299401197917e-01
3.983907185628742798e-01
2.058383233532934398e-01
2.114520958083832558e-01
2.116392215568862478e-01
2.597305389221556959e-01
5.544535928143712322e-01
4.526571856287425200e-01
5.112275449101796321e-01
2.470059880239521277e-01
8.869760479041917389e-02
4.505988023952096078e-01
2.252994011976048039e-01
1.845059880239521000e-01
1.392215568862275599e-01
4.678143712574850399e-01
3.289670658682635196e-01
2.732035928143712877e-01
4.666916167664670878e-01
2.791916167664670878e-01
4.867140718562874557e-01
2.934131736526946477e-01
6.006736526946108989e-02
3.501122754491018396e-01
4.199101796407185838e-01
7.745134730538921763e-01
4.745508982035928636e-01
4.683757485029940160e-01
8.196107784431137799e-02
1.302395209580838320e-01
7.690868263473055189e-02
3.297155688622754877e-01
2.501871257485029920e-01
2.219311377245509198e-01
1.476422155688622839e-01
3.989520958083832558e-01
3.416916167664670878e-01
2.318488023952096078e-01
4.141092814371257758e-01
5.737275449101796321e-01
3.044535928143712877e-01
8.832335329341317598e-02
1.246257485029940160e-01
1.190119760479041999e-01
1.272455089820359320e-01
5.258233532934132592e-02
1.362275449101796598e-01
5.138473053892215203e-01
5.733532934131736480e-01
4.034431137724551197e-01
2.879865269461078237e-01
3.546032934131737036e-01
4.152320359281437279e-01
