2785
3482
2167
2356
2312
2573
2112
355
1564
1301
1333
2766
3162
766
1565
3066
3359
1729
2012
1375
1114
2568
3246
1898
445
756
1980
3252
2824
2603
3518
1344
684
752
1379
332
943
990
685
1327
2000
3246
2799
1745
558
1264
1677
1868
1596
625
1554
3024
1188
1567
3263
2683
2188
2380
1510
2955
1924
2451
3320
1469
1404
2910
3503
3200
2898
2329
2156
2442
1421
1989
1599
1138
1158
1108
1630
1956
1604
1009
572
617
674
2723
1964
3108
1671
1602
765
1499
2296
1322
2630
1878
1363
1309
2456
2970
2944
1274
563
1579
1226
3146
3238
633
1227
1647
2327
1157
1706
2729
1611
1422
2196
2193
1957
1692
1204
1167
1676
1912
1023
558
1046
941
1299
1122
1152
1453
710
636
263
1023
1458
919
1004
1011
1497
1232
461
783
2493
1038
981
1288
2189
1448
1141
1464
2206
2107
1414
1021
669
320
287
583
1441
1672
1513
1616
914
1151
1225
1477
838
2248
1894
1738
1059
519
140
227
1897
1106
2181
1738
823
538
566
343
841
1043
809
309
619
954
263
527
482
572
520
384
660
820
979
708
961
796
146
324
1712
1341
1210
1755
1131
586
267
367
714
235
384
425
771
1003
165
230
306
547
1478
877
397
271
182
445
1451
740
118
252
204
54
223
505
588
793
894
515
444
315
825
1570
1288
1103
597
249
731
283
817
1845
914
465
1390
1214
905
530
427
257
653
1853
1347
1248
899
1916
1033
1240
1195
1159
677
630
481
796
713
1075
442
1726
1199
1587
479
1427
2285
2243
2293
1667
2286
3126
1757
2086
1815
2724
929
1024
1511
1496
1587
1895
1429
1080
1356
1430
2139
1886
1844
1632
1279
1125
473
519
507
394
1553
1866
2779
3360
3384
848
696
369
366
985
1265
1117
224
589
3067
3921
2008
1800
884
417
1522
2189
1404
2061
2083
2327
2059
1927
1266
674
1043
2052
2541
1607
1537
2571
1817
2667
1886
430
2578
1879
3900
4088
1932
1534
1235
1434
3427
728
302
2125
2131
2330
1181
1425
2427
3584
2386
2786
2694
2757
3408
2567
3842
2493
2071
906
203
1675
1613
2856
4286
3068
3050
2303
1323
1742
1619
1140
1814
2644
2923
3218
3894
2941
1579
1392
1486
1104
929
1295
2517
2084
2414
3481
1799
862
2825
1798
1472
2018
3273
4012
2650
2436
2261
1208
1184
1281
3446
1919
2106
1733
1440
1158
2613
2073
2463
931
1907
2747
3221
3452
3346
3207
2245
1930
1551
1650
2632
3879
3774
1451
1196
1109
2923
3036
1686
1587
1208
497
1075
2798
3104
2085
1349
882
2180
3300
2423
1902
2437
2547
1989
2972
2633
2385
2967
1528
2190
3449
4424
2140
1887
2049
1995
2427
2704
1458
820
1232
1897
2928
1635
1347
2078
1902
1654
1607
891
320
986
1278
2087
3005
1126
2460
2918
1111
763
782
1497
2403
2207
1626
1909
1973
1682
1602
1099
2596
2451
2151
1779
2268
1728
423
769
970
1576
712
466
1186
931
1417
1364
2248
959
1027
1887
554
708
473
552
1568
1427
1026
1062
1857
1262
1237
1984
838
1403
1872
1175
428
649
615
495
889
1620
1117
1448
540
287
579
791
411
299
195
382
1979
1066
206
210
1457
993
177
802
1384
1323
424
502
197
969
1612
783
594
481
495
803
585
554
403
92
540
1321
827
126
100
403
284
101
300
681
1074
346
564
944
1616
1875
1306
110
560
698
381
1044
576
504
1121
467
1013
1022
1299
1906
1249
1641
1430
501
1048
980
643
987
1323
1258
1551
737
955
1005
667
576
862
1794
840
511
1682
1144
964
1172
1055
1550
1946
776
939
456
1116
1493
865
822
1749
1431
1087
1806
1781
2490
2139
1012
1100
1802
2093
3288
1023
708
899
1010
3178
2635
1548
1348
2510
2101
3538
2598
2423
3741
2988
2941
2353
3107
3835
2799
3103
3774
3668
1745
2498
1437
2297
3508
2166
2708
1715
2358
1561
829
2501
951
1023
1155
2323
2947
1281
657
1089
2675
2907
2261
2738
1769
2101
2627
520
2119
3456
3463
2699
1580
2247
2309
1505
1643
2726
2578
3773
2973
833
1328
1589
2487
2508
3239
3279
3280
1803
665
1051
2366
3850
3480
2917
2968
2043
2728
2177
2099
3711
2575
2140
2033
3180
2911
3480
3068
4132
1290
2926
2774
1102
1430
1251
306
1060
2963
2039
1700
400
1214
1544
676
1222
2411
2546
1785
1701
2862
3141
2601
3138
4005
1926
1965
2701
2173
2679
2820
1567
1873
1784
1250
273
1498
1599
1584
1784
2105
3430
1871
2851
2770
4022
2699
3229
1226
2338
3221
2242
2319
2897
1716
566
2218
2288
3468
2781
1573
2037
3619
3219
1328
2530
3700
1936
922
2064
2220
1755
2999
1265
3123
3297
3582
2229
2201
2213
888
1643
1445
1485
2592
2162
2614
2302
2523
3344
3581
3106
2424
2889
2084
3217
2393
2358
2716
2296
2711
2746
1017
1632
2448
1411
1528
2231
1138
826
883
1776
1968
1391
1473
1139
567
456
1146
1457
910
639
967
1116
1749
2402
1650
1021
858
416
732
1228
371
1218
1247
1427
1370
1443
1974
1080
2369
1869
868
462
406
232
681
667
578
504
839
1400
1575
1457
1515
1095
618
935
718
1624
2053
2850
1119
171
309
1248
1409
973
1581
492
180
236
427
241
453
1104
1808
618
764
677
1918
2456
948
496
422
311
183
182
226
229
255
897
962
912
611
1246
2300
1451
1071
643
663
814
181
751
581
730
535
408
524
780
640
529
976
1030
2060
812
1897
1126
533
1836
1534
885
272
969
1172
2777
1566
730
1125
246
265
359
29
382
1514
2643
2775
1252
359
1198
376
445
617
136
184
752
851
1074
3206
3581
1752
2287
2080
2411
1332
572
615
1604
2230
2722
1075
702
3121
2192
1858
1854
1049
1168
2135
1592
2518
2412
3189
3403
1736
269
2398
2164
3106
4281
3683
2001
3388
2001
2726
1915
3140
3315
2306
1724
1358
367
759
3495
4019
3749
3914
2074
3964
3220
4152
2159
614
1680
2201
3885
3821
2373
1271
2528
838
916
2394
2269
2296
1969
1663
1833
2021
1852
1923
2149
3391
2633
1149
638
154
1256
2441
2166
2405
3604
3135
3086
1164
484
1345
2077
4457
1395
1287
3754
2542
2038
4488
3446
4539
2963
1782
2111
1126
411
2480
2619
4175
3216
1146
775
922
616
696
1897
2322
609
637
2339
3859
2220
2387
2498
3067
2143
2695
2511
3351
3531
2654
1476
420
2503
3402
2170
4256
1944
639
1677
3461
2764
2615
1299
2076
1553
3601
1768
1525
747
528
1305
2103
2993
2643
1478
2178
3886
1720
896
866
1726
2479
1647
2632
3125
4057
4122
1446
1308
1042
2735
2415
2201
2074
2648
2115
2033
1469
3353
3467
2768
2252
2879
2315
3326
3419
1494
1453
1636
3044
4326
1470
2148
2887
986
2569
1648
618
1040
3124
3746
3943
3443
2847
1920
2446
1664
2082
832
588
1570
514
715
1938
1453
810
626
1480
1095
1011
1222
2149
3701
1655
1564
1588
1351
2233
2359
1960
1415
1116
1949
890
1833
2695
2651
1997
907
1688
1337
2213
667
485
774
677
1135
860
2340
2675
1369
2482
1472
1568
1104
1462
1759
1539
498
1457
1337
919
1463
1718
2029
418
572
919
2650
1683
767
922
944
674
571
250
217
1377
1729
712
1456
380
355
192
1067
1947
924
980
1403
1455
1260
608
975
552
93
238
682
383
251
366
893
1744
1814
1145
2260
1413
603
494
812
471
266
269
597
1096
653
420
752
326
311
613
903
1905
2231
639
797
1497
2137
989
403
188
480
577
266
344
865
834
708
328
714
896
875
1223
491
527
759
1258
1252
2778
1572
1451
1843
1348
2034
686
852
389
566
1249
1887
1750
1165
731
1704
2425
2740
4018
4265
1838
445
157
357
1275
2157
565
2569
3278
2873
1353
2624
2767
1792
1461
3545
3603
2618
1696
2295
3883
1606
1907
3633
4182
4136
1109
2356
2640
1706
711
1503
2690
3369
1987
410
802
1100
3267
4834
4855
3394
3542
2591
4554
5007
4347
2328
3567
2342
2869
1584
4288
4614
3684
1975
1125
2444
2254
2061
2250
1344
751
1164
828
2168
2400
3818
2683
1998
3656
4787
2770
3681
3011
3783
3501
4446
4080
1820
4369
2182
1630
2954
4407
4135
3088
781
2042
3427
3207
2693
2229
1660
1941
1224
2194
2335
4885
2556
4553
2853
4627
3831
2697
3491
2978
1629
450
698
2725
2000
2637
3283
4874
2249
3690
2797
2888
3951
1231
3497
4611
1976
1576
1269
3154
2486
3631
3116
1689
2854
2622
2624
869
872
827
2929
4931
4126
1622
655
2399
4645
4297
2183
3962
5373
4127
3571
2074
889
678
1157
1977
4084
4265
2749
1337
844
999
1633
1146
2241
4595
3563
2123
532
1040
2362
3731
3293
3572
1745
1380
2592
3208
1989
4061
4733
2472
4052
3681
3248
1933
3810
3915
3194
2707
3450
3393
1277
1261
1878
1964
1347
640
632
1739
2158
1129
1159
1160
1417
2992
2448
2761
1349
503
2437
1233
1015
773
2529
1787
1489
2523
1521
2630
1597
350
1900
2273
4168
2565
2532
467
725
440
1791
1366
1215
818
2161
1855
1268
2242
3095
1656
501
695
665
709
310
757
2775
3093
2185
1568
1924
2248
2976
2546