4851
4743
4586
4402
4195
4146
4338
4360
4098
4070
4693
4958
4883
4853
4724
4603
4421
4323
4429
4510
4531
4396
4115
3747
3407
3080
2687
2180
1917
1735
1633
1560
1438
1361
1303
1124
1032
933
673
424
284
271
486
762
1155
1411
1316
1299
1212
1044
1094
1105
1286
1515
1785
1840
1647
1587
1275
1114
1148
1089
988
989
1139
1083
1111
1153
1262
1475
1485
1455
1643
1550
1464
1398
1628
2278
3029
3394
3642
3954
4387
4591
4682
4732
4773
4759
4714
4816
4863
4816
4749
4818
4781
4626
4313
4534
4317
3918
3472
3339
3408
3333
3017
2893
2889
2743
2592
2334
2076
1960
1839
1710
1548
1586
1323
1003
568
300
258
278
336
313
217
192
305
578
860
739
850
1149
1630
2005
2264
2719
3213
3789
4265
4457
4575
4683
4542
4698
4868
4946
5001
5056
5007
4934
4753
4642
4613
4573
4719
4897
4914
4887
4838
4717
4361
4038
3926
3792
3938
3783
3363
3142
3024
2936
2876
2608
2587
2390
2270
2408
2441
2971
3542
3555
3598
3561
3613
3607
3622
4052
4311
4380
4526
4600
4625
4606
4633
4760
4738
4742
4702
4541
4533
4693
4724
4677
4778
4844
4812
4726
4626
4559
4616
4462
4298
4238
4228
4083
4085
3845
3618
3358
3123
2850
2680
2759
2819
2771
2776
2863
2606
2226
2420
2357
2308
2111
2269
2620
3136
3663
3802
3883
4066
4029
3486
3051
2780
2812
2962
2932
2842
2632
2538
2158
1692
1368
1272
1152
1094
1044
1032
1532
1034
678
718
723
611
626
636
582
659
863
1194
1520
1878
2093
2309
2469
2433
2323
2283
2502
2646
2421
2330
2285
2645
2709
2751
3022
3130
2990
2861
2727
2482
2383
2003
1598
1474
1319
1264
1018
672
462
320
274
251
269
340
486
691
801
923
865
800
737
636
632
583
522
512
497
490
516
543
383
221
129
118
111
94
75
106
163
257
463
645
717
660
796
1019
1059
1156
1570
1873
1827
1804
1720
1928
1980
1713
1545
1575
1764
2055
2426
2921
3509
3947
4238
4367
4636
4524
4363
4252
4130
3899
3618
3330
2890
2461
2210
1805
1486
1248
1319
1410
1513
1613
1824
1934
2269
2576
2970
3227
3591
3674
3600
3599
3516
3551
3664
3781
3774
3903
3775
3874
4027
4058
4035
4093
4070
4197
4377
4466
4521
4767
4977
4973
4836
4658
4715
4711
4663
4256
4203
3992
3978
3825
3976
4050
3967
3742
3587
3467
3178
2890
2414
2336
2074
1818
2020
2078
2011
1997
1946
1929
1762
1534
1486
1454
1373
1416
1426
1353
1340
1237
1154
1113
1024
924
899
806
686
739
741
694
725
780
918
1042
960
1034
1382
1562
1611
1361
1211
1004
707
472
492
505
671
759
614
454
420
425
471
455
420
314
261
229
257
272
301
354
466
513
625
801
997
1017
1174
1405
1560
1712
1743
1660
1521
1324
1107
919
823
738
608
603
584
675
735
779
853
768
705
748
795
747
628
531
511
508
520
563
572
658
638
484
449
377
357
462
584
468
452
523
551
552
515
471
486
475
457
588
657
663
559
537
585
712
868
1006
1213
1516
1812
1887
1916
1844
1720
1499
1556
1436
1439
1396
1322
1107
1304
1617
1979
2346
2576
2313
2213
2416
2572
2568
2428
2173
1901
1685
1531
1501
1468
1500
1381
1502
1573
1687
1889
2418
2628
2714
2824
3096
3164
3312
3341
3214
3163
2863
2656
2377
2232
1653
1482
1447
1133
914
726
593
615
672
554
401
353
293
286
334
385
422
432
412
329
288
317
294
286
346
382
414
500
523
494
501
442
509
531
488
454
469
540
606
723
807
830
864
960
1025
1007
968
898
859
861
877
935
1098
1256
1356
1701
2174
2203
2160
2279
2444
2606
2762
2889
2991
3314
3547
3715
3614
3473
3443
3571
3587
3643
3533
3231
2955
2862
3174
4121
4474
4552
4428
4323
4552
4384
4381
4260
3796
3570
3793
3841
3806
3766
3744
3838
3822
3848
3841
3521
3170
3070
2980
2655
2428
2168
2007
1667
1535
1485
1507
1522
1475
1440
1444
1481
1517
1485
1527
1686
1966
2286
2703
2958
3005
3037
3224
3175
3227
2906
2564
2450
2107
1881
1904
1946
1743
1718
1983
2111
2230
2096
2058
2015
1762
1485
1291
1289
1443
1572
1905
1869
2381
2531
2310
2020
1765
1590
1959
2300
2400
2733
3321
4013
4513
4502
4498
4499
4500
4490
4481
4180
3976
3983
3898
3847
4026
3513
2781
2116
2017
2059
2168
2157
2277
2184
2169
2302
2554
2676
2637
2613
2417
2385
2388
2339
2315
2538
2880
2841
2492
2207
2123
1834
1412
1182
1227
1349
1251
1269
1688
2235
2465
2787
2915
2896
2902
2803
2759
2740
2738
2597
2389
2313
2411
2343
2130
1874
1871
1825
2154
2304
2425
2714
2990
3351
3573
3911
3858
3704
3505
3590
3528
3370
3021
2728
2369
2268
2126
1879
1720
1646
1669
1769
1894
1967
2047
1957
2057
2276
2547
2807
3563
3954
4231
4574
4509
4554
4519
4317
3777
3327
3109
3021
2970
2769
2326
1893
1871
2014
2375
2818
2992
3441
3761
3665
3630
3957
4325
4505
4532
4247
3499
2979
3308
3802
4114
3771
3297
3289
3100
2619
2084
2064
2158
2656
3099
3785
4309
4310
4408
4492
4452
4330
4465
4470
4390
3821
3476
3299
2981
2673
2405
1943
1667
1486
1241
1005
1332
1604
2042
2122
2120
2117
2177
2065
2319
2365
2269
2114
2016
1812
1588
1532
1573
1701
1743
1650
1509
1320
1198
1156
1150
1027
927
930
1042
811
832
835
587
356
275
305
392
397
283
220
252
158
100
81
184
208
144
148
183
183
293
723
1183
1225
1239
952
1136
1248
744
945
1129
1182
1227
1363
1564
1818
2108
2412
2660
3011
3253
3365
3430
3487
3554
3897
3959
4062
4198
4318
4157
4317
4281
4297
4196
4112
4239
4260
4125
3890
3890
3850
3607
3460
3331
3130
2961
2838
2633
2497
2207
1998
1791
1580
1509
1474
1411
1320
1268
1185
1123
1228
1465
1745
2024
2184
2238
2328
2328
2667
2824
2718
2690
2852
3199
3274
3371
3644
3737
3856
3982
4117
4543
4638
4293
4253
4137
4093
3979
4172
4400
4589
4572
4470
4594
4645
4411
4163
4113
4323
4235
3842
3471
3232
3104
2957
2791
2432
2126
2037
1944
1675
1548
1462
1447
1408
1424
1460
1386
1477
1502
1629
1696
1541
1500
1409
1279
1194
1210
1200
1013
851
741
667
706
646
523
346
252
274
369
394
467
494
501
517
448
433
412
396
382
333
346
382
497
751
1195
1449
1702
1981
1827
1786
1851
2051
2361
2493
2602
2341
1951
2092
2363
2524
2546
2435
2470
2286
2073
1910
2020
2140
2569
2701
2994
3632
3653
3676
3697
3858
4124
4441
4656
4595
4539
4497
4411
4347
4071
3711
3573
3440
3336
3296
3324
3216
3289
3269
3176
3136
3137
2948
2875
2814
2711
2698
2585
2401
2193
2105
1925
1780
1609
1500
1453
1427
1474
1719
1948
2036
2166
2310
2366
2576
3053
3060
2992
2904
2926
2930
3058
3100
3124
3257
3237
3249
3205
3196
2485
2024
1783
1404
1135
1175
1244
1346
1437
1438
1475
1370
1266
1221
1190
1181
1152
1054
1014
963
892
817
1015
1099
1347
1520
1574
1491
1379
1446
1588
1647
1566
1714
1846
1865
2377
2684
2603
2520
2567
2694
2659
2573
2654
2540
2417
2542
2456
2324
2354
2289
2062
1921
1751
1690
1422
1136
991
968
1048
1072
1103
1147
1220
1166
985
948
1095
1510
2076
2528
2544
2711
2858
3013
3212
3279
3393
3424
3472
3604
3676
3643
3728
3767
3744
3800
3749
3601
3689
3772
4124
4467
4580
4576
4526
4170
3717
3125
2551
2338
2281
1998
1913
1698
1540
1211
954
749
568
432
411
516
683
1051
1325
1523
1511
1630
1857
1997
1890
1907
1998
1990
1993
2023
2035
1809
1549
1265
1130
1178
1414
1574
1514
1146
930
1001
961
999
1086
1360
1369
1296
1259
1208
1136
1016
913
766
604
442
391
453
539
661
789
792
702
562
481
467
467
517
520
573
581
614
570
448
450
390
330
480
634
583
490
357
267
235
263
276
329
429
598
750
768
811
967
1063
1058
929
778
673
615
487
541
760
871
805
727
617
650
761
867
790
890
1197
1547
2008
2673
3498
3795
3788
3674
3953
3959
3633
3439
3247
2835
2413
2212
1849
1544
1424
1430
1483
1509
1549
1472
1292
1135
1208
1189
1264
1338
1417
1339
1367
1453
1725
1782
2057
2120
2618
2971
3271
3243
3414
3614
4246
4397
4472
4172
3780
3579
3358
3342
3344
3168
3012
2785
2930
2880
2888
3084
3016
3255
3284
2898
2590
2305
2454
2451
2502
2411
2458
2559
2495
2304
2281
2278
2303
2514
2512
2578
2798
2752
2634
2161
1910
1581
1421
1340
1016
771
689
802
997
1224
1198
1024
870
890
1186
1450
1451
1430
1310
1264
1167
1137
1243
1345
1547
1872
2044
2166
2071
2136
2361
2472
2442
2281
2106
2082
2072
2397
2754
3088
3141
3444
3633
4032
4255
4377
4219
4132
3824
3717
3659
3398
3271
3180
3316
3571
3931
3909
4041
4276
4242
4021
4063
4062
4113
3909
3749
3475
3122
2900
2673
2469
2254
2048
2075
2031
1748
1502
1480
1465
1425
1436
1372
1231
1024
804
661
761
970
1111
1250
1292
1365
1378
1323
1252
1089
874
811
693
528
479
469
509
535
588
561
540
564
545
754
1105
1294
1473
1493
1545
1522
1281
815
765
872
763
782
838
894
964
851
655
664
587
544
512
527
554
616
686
876
1194
1481
1918
2339
2467
2585
2473
2264
1958
1684
1430
1435
1055
820
805
873
1041
1341
1474
1615
1641
1830
2137
2271
2124
1842
1941
2136
2399
2572
2634
3148
3354
3613
3645
3341
3000
2411
2076
2132
1849
1477
1480
1496
1515
1929
2467
3006
3032
2844
2723
2567
2265
2094
1982
1923
1938
1949
1908
1553
1407
1118
952
968
981
1029
1076
1049
1155
1468
1785
1800
1951
1900
1790
1746
1763
1777
2118
2518
2878
2793
2654
2710
2372
1992
1886
1937
2146
2645
3103
3511
3613
3339
3446
3284
3424
3713
3329
3063
2972
2594
2273
2075
1912
2009
2174
2224
2165
2130
2232
2670
3017
3312
3543
3697
3807
4105
4776
4973
5039
4907
4807
4873
4875
4962
4903
4762
4640
4571
4377
4031
3169
2584
2343
2816
3351
3415
3880
4128
3801
3936
4520
4206
4275
4143
4282
4177
4680
5000
4925
4996
5064
5139
5025
4984
5247
5111
4692
4280
3908
3815
3704
3555
3305
3062
2946
2732
2275
2015
1747
1676
1697
1727
1728
1630
1617
1516
1466
1392
1327
1383
1427
1473
1450
1447
1450
1425
1348
1119
1039
1200
1222
1189
1041
956
863
1047
1057
1225
1411
1597
1838
1919
2099
2483
2267
1710
1236
821
707
686
766
925
1058
1359
1309
1007
906
777
710
777
794
909
928
925
863
769
752
700
668
592
570
833
1090
1259
1544
1554
1675
1675
1792
1949
2185
2547
2717
2926
3338
3546
3794
3867
3605
3128
3018
2607
2249
2084
2202
2445
2390
2376
2333
2195
2330
2395
2539
2835
2809
2767
2762
2641
2444
2459
2480
2499
2459
2327
2290
2133
2225
2329
2425
2365
2343
2398
2348
2344
2378
2426
2164
2139
1961
2021
2360
2348
2326
2548
2433
2563
2784
2899
2878
3070
2756
2625
2420
2011
1753
1489
1566
1647
1793
1700
1488
1382
1308
1443
1528
1480
1523
1590
1797
2000
1953
1730
1528
1616
1769
1937
1879
2148
2327
2510
2343
2459
2772
3051
3397
3693
3304
3148
3055
2684
2339
3122
3471
3874
4295
4104
3440
3094
3087
3185
3264
2988
2072
1691
1424
1094
1123
1050
1177
1459
1973
1773
1780
1797
1770
1640
1650
1737
1728
1737
1836
1858
2088
2152
2377
2603
2701
2898
3074
3000
2624
2112
1942
1907
1906
1820
1982
1948
1840
1823
2094
2037
2112
2535
2792
2503
2360
2282
2257
2344
2361
2084
1960
1726
1505
1535
1556
1436
1463
1441
1308
1280
1260
1236
1318
1358
1425
1383
1362
1374
1367
1420
1470
1548
1561
1589
1552
1457
1463
1613
1842
2172
2522
2776
3381
3791
4011
3909
3661
3782
3291
3457
3139
3202
3012
3177
3050
3219
3154
3116
3096
3119
3446
3854
3713
3601
3387
3468
3488
3822
3981
3988
3935
3699
3168
2600
2123
2348
2897
3449
3925
4061
3719
3453
3156
2718
2777
3882
4574
4600
4621
4781
4800
4614
4298
3894
3583
3331
2967
2137
1958
2339
2962
2989
2859
2522
2196
1875
1659
1408
1223
1110
1072
1233
1455
1809
2196
2618
2813
2724
2744
2895
2581
1763
1123
971
877
1238
1624
2006
2286
2526
2544
2548
2863
3033
3264
3538
3720
3509
3589
3806
3829
3608
3547
3465
3443
3351
3208
2937
3246
3295
3033
2544
2696
2269
1846
1576
1457
1443
1792
1896
2298
2033
1747
1493
1816
2239
2275
1842
1366
1545
1743
2143
1359
1560
2034
2710
2928
3088
2873
3030
3278
3204
3291
3673
3471
3321
3104
2763
2627
2363
2118
2146
2266
2298
2506
2985
3481
3967
4398
4511
4628
4617
4245
3190
2752
3516
4017
4531
4658
4772
4758
4632
4467
4156
4057
3813
3610
3016
3219
3431
3432
3511
3415
3158
2879
2725
2592
2276
2071
2216
2549
2640
2659
2762
2629
2550
2459
2398
2244
1959
1546
1150
1033
1147
940
930
939
890
1004
856
1060
954
926
954
853
1006
1138
1247
1229
1027
898
913
1018
863
1031
1049
991
1220
1048
1092
1352
1842
1979
1958
2051
1956
2015
2217
2269
2477
2356
2233
1709
1485
1338
1680
1625
1276
1408
1406
1434
990
826
1018
982
1191
1903
2274
2270
2067
1971
1828
2006
1988
1813
2013
1805
1555
1594
1447
1756
2319
2048
2148
2600
3026
3305
3624
3801
3690
3627
3994
4256
4108
4405
4528
4747
4842
4756
4567
4378
4446
4537
4541
4568
4494
4344
3972
3682
3752
4134
4475
4836
4936
4939
4906
4672
4554
4416
3784
3293
2833
2429
2035
1796
1823
1826
1757
1675
1590
1550
1546
1528
1531
1583
1529
1441
1361
1242
1071
863
622
615
891
1270
1700
2080
2225
2219
2403
2322
2599
2470
2476
2471
2017
2137
2286
1966
1870
1717
1333
1179
1255
1384
1653
2226
2712
3178
3366
3496
3604
3826
3951
3928
3517
3266
2713
2542
2589
2934
2730
2677
2883
2991
2978
2762
2816
2666
2277
2122
2224
1965
1828
1865
1934
1718
1832
1672
1492
1390
1514
1246
738
412
426
705
730
675
615
387
176
118
201
279
813
1296
1435
1821
2109
2077
1902
1847
1990
2082
2488
2651
2281
2509
2839
2941
3005
2930
2828
2813
2901
2973
3013
2851
2901
2929
2976
2782
2625
2376
2362
2345
2131
1812
1735
1620
1447
1370
1368
1307
1258
1299
1324
1274
1316
1347
1296
1292
1318
1285
1256
1178
1071
909
975
1021
1029
995
902
717
530
402
292
312
445
494
524
517
482
409
323
307
315
339
348
385
564
595
548
508
393
357
224
207
197
341
638
877
1021
1010
1104
1371
1597
1825
2001
2027
2198
2372
2599
2817
3098
3413
3480
3356
3497
3695
3717
3685
3547
3508
3336
3083
2829
2814
2917
2904
2908
2852
2919
2631
2483
2557
2922
3178
3236
2960
3188
3556
4049
4163
4087
4011
4049
3970
3862
3897
4005
3928
4037
4055
3963
3913
3982
3707
3451
3390
3269
3299
3580
3951
4009
3882
3860
3942
3918
3885
4412
4491
4549
4487
4396
4395
4423
4471
4501
4388
4013
3499
3003
2641
2639
2264
2667
2665
2830
2877
3137
3439
3345
3554
3976
4048
3883
3781
4038
4145
4278
4495
4637
4495
3970
3060
2392
2207
2447
2731
2821
3241
3487
3702
3528
3142
2821
2254
2098
2343
3304
3607
3323
3284
3339
3452
3422
3293
2885
2045
1508
1370
1333
1373
1391
1401
1422
1421
1477
1537
1747
1785
1620
1820
1983
2084
2227
2175
2231
2448
2659
2688
2245
2066
2123
2161
1991
2116
2166
2012
2065
2402
2115
2154
2287
2279
2631
2716
2405
2331
2512
2710
2686
2440
2553
2771
2731
2693
2619
2649
2667
2210
1839
1808
1838
1934
1857
1923
1789
1265
995
1062
1267
1303
1507
1390
1638
2019
2231
2178
2048
1625
1501
1474
1235
1220
1250
1322
1493
1959
2100
1473
1208
1197
1330
1673
2222
2628
2631
2482
2642
2928
3065
3282
3063
2572
2238
2071
1907
1514
1153
938
897
883
819
685
650
615
518
576
609
709
780
815
812
776
710
682
812
962
966
1076
1010
780
587
441
371
378
354
377
276
138
51
105
233
325
359
449
515
616
741
852
856
1014
1359
1610
1321
1075
944
998
1168
1175
1255
1610
1475
1312
1432
1517
1825
1949
2142
2004
1936
2162
2294
2515
2176
1518
1209
1032
948
826
780
677
610
598
624
778
793
385
97
71
148
263
344
452
589
617
553
450
383
422
541
678
659
454
419
366
374
500
537
522
455
335
238
335
587
703
661
734
873
978
1088
1104
1129
916
1101
1367
1377
1480
1559
1553
1526
1541
1671
1971
2021
1812
1389
1413
1829
2107
2243
2330
2672
2496
2301
2037
1606
1492
2167
2568
2740
2949
3032
2984
2778
2030
1710
1752
1531
1600
1332
1325
1361
936
798
709
719
681
588
596
587
735
1237
1542
1352
1176
1375
1257
818
929
783
851
780
622
409
333
339
463
636
664
702
679
750
903
1135
1139
1108
953
641
571
550
488
365
336
345
428
470
369
223
216
287
324
421
591
894
1102
1023
1020
758
682
1010
1233
1328
1158
1189
1215
1137
1051
1072
1146
1130
919
605
791
1539
1883
1978
1959
1913
1826
1934
1901
2022
1879
1646
1585
2044
2019
2076
1985
1525
1440
1338
1435
1366
867
636
691
596
497
495
635
980
1282
1057
1075
900
854
847
872
806
879
979
940
1009
1179
1356
1097
1106
793
670
634
614
585
600
618
626
880
837
1157
1359
1558
1661
1555
1573
1522
1470
1402
1371
1514
1446
1319
1424
1269
1032
822
824
852
588
698
893
972
1254
1264
1079
1370
1353
1441
2161
2238
2659
2393
2435
2311
2219
2394
2624
2245
1939
1830
1921
1988
2247
1382
1245
1508
1506
1333
1801
2445
2911
2887
3124
3150
3663
3624
3683
3435
3592
3838
3873
3925
4048
4297
4491
4604
4524
4444
4328
4405
4464
4211
3524
2586
2013
1936
2166
1942
1980
1872
1943
2031
2351
2462
2215
1908
1806
1468
1250
1221
1230
1316
1327
1292
1306
1300
1233
1236
1429
1679
1913
1922
1791
1719
1662
1524
1362
1512
1719
1619
1474
1117
1149
1114
1193
1192
1244
1252
1333
1448
1497
1758
2029
2334
2565
2494
2395
2288
2210
2163
1869
1595
1589
1511
1380
1386
1383
1480
1412
1233
1122
1084
1164
1220
1587
1643
1459
1230
1209
1661
1928
2260
2036
1799
1869
1818
1645
1454
1343
988
677
676
683
815
686
586
698
1019
1054
1208
1549
1843
2123
2163
1921
1503
1467
1618
1560
1605
1874
1605
1608
2073
2458
2648
2826
2767
2749
2817
2791
2848
2608
2447
2396
2452
2795
3103
3125
2949
2705
2474
2188
1939
1787
1794
1739
1474
1290
1406
1631
2019
2292
2611
2926
2944
3034
2940
2878
2833
2536
2469
2498
2310
2149
2312
2097
1993
2013
1931
1694
1637
1552
1576
1647
1855
1929
2040
1895
1754
1833
1838
1990
2161
1870
1493
1504
1488
1478
1600
1621
1725
1758
1937
1950
1951
1831
1692
1424
1406
1442
1528
1483
1357
1163
729
516
351
532
497
481
495
712
809
764
638
579
617
679
891
1050
1078
1241
1189
1172
1305
1532
1743
1707
1462
1428
2029
2680
3212
3384
3341
3293
3197
2843
2393
1829
1196
920
912
918
1029
1177
1296
1424
1477
1487
1541
1721
1860
2037
2224
2069
1932
1779
1895
1627
1574
1389
1152
1001
608
343
174
213
429
451
487
571
657
691
689
591
510
564
852
1185
1482
1668
1331
1231
1262
1333
672
1026
1102
1041
1024
1144
1630
1930
2461
2299
2182
2291
2407
2531
2688
2999
3042
3208
3197
3094
2963
2977
2092
2041
1789
1899
2904
3062
2829
2738
3015
3061
2873
2957
3044
2787
2841
2524
2197
2239
2469
3078
2988
2817
2523
2282
2284
2288
2000
1999
2056
2396
2788
2888
2617
2525
2791
2926
3013
3216
3088
2845
2441
2396
2962
3503
3302
3206
3069
3011
2877
2721
2458
2072
1879
2019
1977
2141
2396
2303
2430
2166
1882
1581
1279
924
630
514
598
490
529
724
951
929
1150
1221
1059
817
546
372
405
566
824
1228
1384
1322
1140
968
786
515
450
797
1363
1717
1702
1522
1502
1590
1475
1350
1400
1323
1098
1250
1436
1582
2069
2056
2317
1983
1898
1921
1960
1903
1787
1752
1884
1746
1718
1690
1534
1645
1441
1098
903
735
591
426
368
453
401
484
515
904
1361
1923
2232
2041
2156
2434
2598
2442
3039
3120
3060
3241
3260
3315
3013
2722
2450
2370
2215
2088
1858
1649
1227
1286
1591
1589
1774
1746
1744
1624
1612
1530
1322
1136
891
724
707
701
667
667
631
608
511
553
562
614
618
582
511
524
491
438
409
523
764
857
860
754
667
572
541
383
365
326
183
206
309
325
286
425
460
482
409
354
360
396
565
641
772
994
1291
1433
1223
945
884
870
854
696
497
428
442
465
433
473
604
683
664
710
716
697
640
680
944
1314
1522
1577
1486
1334
1307
1095
997
800
542
404
348
300
272
217
243
287
355
389
250
245
386
533
605
746
668
779
948
875
650
528
522
416
262
164
277
467
732
1033
1160
1424
1652
1917
2318
2533
2478
2054
1781
1602
1537
1414
1295
1158
1227
1220
1132
935
934
980
857
736
646
555
495
471
468
482
454
442
418
695
962
1125
1253
1372
1612
1619
1927
1893
1894
2439
1893
1976
2127
2584
3133
3011
2610
2631
2821
3198
2840
2582
2661
3043
2668
2373
2090
2793
2773
2506
2721
2759
2801
2855
2572
2520
2594
2565
2736
2694
2901
3146
3516
3484
3383
2886
2778
2024
1614
1480
1089
1114
1206
1130
1239
1180
1122
1184
1167
1174
1083
1176
1428
1601
1609
1731
1542
1422
1340
1167
1096
1461
2027
2569
3041
3289
3423
3394
3469
3426
3333
3009
2539
2148
1964
1837
1915
2105
2061
2025
2077
2093
2048
1955
2101
2052
2163
2090
2590
3135
3620
2901
2053
1799
1679
1331
1125
857
882
865
955
1009
938
934
913
1007
987
941
864
1008
1304
1627
1769
2003
2178
2233
1914
2094
1956
1615
1465
1469
1276
885
839
1012
1245
1468
1468
1276
1362
1428
1615
1587
1674
1804
1683
1630
1588
1331
1304
1338
1359
1338
1080
910
760
832
758
558
603
861
762
975
1215
1424
796
799
1069
1531
1559
1603
1797
1947
1915
1725
1879
1857
1755
1656
1528
1414
1440
1336
1366
1307
1236
1230
938
836
858
1015
1353
1529
1702
1628
1798
1937
1770
1599
1711
1620
1515
1575
1612
1575
1480
1653
1904
1887
2154
2225
2133
2020
1753
1650
1679
1646
1785
1863
1740
1814
1999
1932
1766
1714
1817
1991
1860
1699
1497
1326
1304
1306
1304
971
927
937
1042
1368
1520
1463
1281
1214
984
789
502
459
357
248
214
245
261
240
255
271
165
295
358
471
588
485
388
544
606
736
964
1164
1338
1335
1219
1182
1167
1252
1156
1223
1366
1628
1817
1977
2527
2625
2207
1923
1581
1091
885
853
1116
1377
1297
1317
1484
1447
1420
1528
1734
1746
1762
1509
1145
1087
1177
1178
1319
1507
1708
1603
1388
1112
960
935
822
907
898
831
775
739
768
666
618
537
476
302
324
278
358
352
757
1496
2065
2226
1618
1156
857
873
1318
1756
1854
2162
2046
2375
1625
1600
1753
2007
1843
1554
1711
1554
1364
1191
1178
1162
1100
1154
1009
958
860
849
1007
1194
1407
1403
1273
1119
1045
1067
1100
1293
1363
1491
1387
1063
613
694
1227
1949
2267
2744
2766
2833
2691
2817
2972
2656
2794
2782
3057
3148
3161
3123
3148
2697
2596
2492
2255
1930
1835
1639
1433
1381
1177
1127
1016
1294
1404
1180
1037
994
946
885
775
614
475
356
302
209
193
283
227
288
489
382
324
353
401
434
443
209
338
457
362
293
441
697
1054
1019
1266
850
792
904
417
479
612
671
712
764
608
280
173
230
341
347
400
289
208
169
300
387
343
396
329
274
265
335
393
336
448
491
467
421
645
683
818
1133
1502
2314
2536
2426
2359
2461
2615
2505
2760
2760
2599
2602
2731
2843
2677
2734
2941
3177
3295
3295
3148
3042
2837
2566
2480
2227
2009
2139
1926
1703
1619
1634
1920
2046
1915
1940
1962
1721
1431
1308
1339
1352
1387
1443
1441
1542
1617
1743
1704
1860
1834
1760
1940
1941
1699
1599
1409
1379
1366
1203
935
716
531
514
540
528
428
273
273
444
597
590
573
436
498
575
632
673
961
702
807
1045
991
1196
1017
1016
804
670
605
652
639
614
780
936
1018
1061
1058
1106
1257
978
1105
1122
1163
1120
1158
1153
1125
1212
1159
1019
790
847
902
902
958
1022
968
819
709
661
638
655
760
910
1045
960
913
759
673
538
561
677
693
526
607
672
508
560
673
638
616
609
547
492
499
523
717
917
1067
1193
1117
1063
1027
946
926
895
885
673
434
319
245
261
320
352
349
336
354
356
404
386
393
494
525
635
573
437
345
348
320
286
251
245
248
219
195
197
243
272
226
227
217
163
160
189
212
192
142
89
70
112
103
133
144
158
146
129
74
16
4
29
45
66
89
134
185
254
300
336
359
488
753
1074
1479
1815
1688
1499
1364
1241
1271
1260
1008
868
1004
1379
1306
1131
1026
1073
1058
1318
1363
1415
1484
1701
2120
2186
2051
1935
1646
1739
1945
2011
1940
1528
1539
1467
2084
2076
1774
1811
1737
1570
1617
1566
1501
1412
1533
1739
1697
1571
1361
1170
1036
1144
1051
871
812
786
727
695
660
472
399
381
402
440
462
478
429
355
479
598
918
959
1123
1316
1748
1958
1879
1787
1651
1640
1384
1285
1474
1551
1396
1241
1184
1390
1553
1446
1391
1240
1289
1351
1427
1240
1060
830
766
637
604
531
498
476
378
306
295
266
251
239
212
245
235
275
273
226
124
104
134
154
90
109
167
210
204
244
339
429
391
283
255
254
271
314
495
665
771
663
472
360
277
296
427
544
280
295
307
225
164
128
106
75
125
114
80
54
57
101
95
79
111
115
144
192
172
290
550
742
855
886
963
1027
1097
1238
1226
1236
1081
547
651
829
1010
1312
890
783
794
851
837
928
1325
1867
1871
1500
1933
2524
2617
2324
1989
1908
1949
1838
1452
1225
1321
1769
2054
2126
2290
2145
2085
2086
1976
2203
1942
1745
1547
1670
1803
1590
1572
1594
1493
1437
1187
873
702
583
541
348
399
474
525
676
646
551
573
612
722
997
1209
1067
934
795
717
633
533
471
570
692
473
320
216
282
353
512
1164
1385
1588
1634
1705
1529
1411
1731
1965
1907
1689
2271
2375
2240
1835
2080
1687
1433
1210
1103
975
805
639
635
814
867
1094
1308
1488
1139
1365
1575
1366
1670
1745
1588
1948
1715
1709
2021
2082
1909
1370
930
687
562
607
865
1416
1814
2289
2075
1558
1306
1063
914
1165
1586
1979
2134
2016
1765
1520
1456
1206
1047
942
837
918
833
697
1231
1650
1794
1358
1343
1256
921
985
943
774
626
750
816
958
1005
980
847
647
453
446
355
365
379
543
661
628
545
469
599
343
389
409
581
703
713
857
1079
1387
1419
1453
1332
1246
1100
805
575
480
586
797
890
903
1105
1077
936
868
922
868
877
938
905
919
958
828
722
649
653
615
520
368
334
375
476
643
656
650
686
649
540
420
306
297
346
354
274
191
164
154
140
139
111
80
49
5
0
26
63
112
109
91
85
87
82
74
64
82
103
100
121
84
79
78
91
73
51
58
73
29
4
0
57
85
147
277
748
1099
889
565
274
141
124
234
456
811
1097
1220
1252
1518
1640
1632
1112
662
436
542
605
506
302
182
106
126
125
193
331
343
450
534
641
764
614
582
553
506
450
481
386
268
155
76
77
64
82
173
266
361
550
659
483
442
452
350
404
361
343
300
262
189
174
209
198
70
32
52
111
181
243
230
143
145
161
201
188
298
489
627
827
994
1117
1045
787
648
551
581
568
285
86
38
28
29
68
62
126
267
171
77
73
126
217
342
497
541
672
597
491
390
479
581
719
480
386
479
531
593
639
820
962
1078
1382
1566
1167
1231
1599
1986
2069
2126
2404
2637
2608
2681
2734
2541
2250
1516
743
433
385
741
1292
1685
1833
1874
1921
1613
1169
1207
1637
1889
1927
2022
2143
2122
1996
2015
1765
1570
1315
913
481
462
752
1302
1868
2305
2562
2673
2458
2214
1716
1753
2329
2539
2267
1920
1967
2078
2044
1925
1654
1304
1026
566
205
187
320
480
623
706
824
1045
1108
1000
774
911
1236
1632
1944
2219
2538
2686
2191
1418
1063
1105
1386
1634
1381
1383
1630
2036
2208
2502
2643
2842
2809
2896
2662
2716
3099
3465
3716
3701
3183
2444
1780
1629
1674
1657
1586
1456
1153
944
754
714
679
979
1144
1107
1185
1246
953
962
972
1008
1009
986
976
923
847
681
611
602
498
396
315
396
504
690
861
909
944
876
730
482
262
218
240
227
306
453
418
374
325
314
258
242
263
233
175
310
371
446
514
557
562
562
543
536
496
619
814
1173
1291
1265
1309
1124
1139
990
822
901
1036
901
634
622
778
873
873
899
820
635
483
468
463
416
606
725
708
661
725
558
529
585
472
540
660
498
298
393
389
398
378
433
364
374
333
256
234
308
518
738
674
672
592
632
709
635
461
358
322
220
86
74
128
166
154
165
155
99
135
75
68
81
101
144
143
126
101
77
80
127
249
236
230
187
177
250
311
589
446
413
623
297
222
218
282
242
288
329
349
277
219
241
197
191
192
226
282
266
249
227
232
306
534
856
1220
1290
1368
1470
1043
833
883
839
888
911
928
962
1167
1369
1366
1275
1164
1005
740
609
686
786
964
1129
1312
1392
1451
1378
1142
1120
1181
1163
1097
976
826
851
845
768
664
893
939
740
540
565
622
665
608
626
712
697
582
517
440
376
412
406
395
292
249
277
304
366
350
380
393
394
246
282
316
281
334
356
394
395
408
366
391
552
663
947
1144
1377
1307
1228
1115
1137
1192
1247
1310
1178
797
535
465
462
390
336
310
334
355
324
327
309
437
645
928
1268
1298
772
583
502
497
436
442
426
202
74
48
44
17
16
63
122
246
262
81
103
124
90
100
147
213
224
227
277
411
257
521
506
159
74
89
159
207
244
331
542
509
359
272
260
380
489
611
798
1197
1269
1184
1111
904
945
899
675
188
93
93
99
137
386
384
461
792
843
526
384
402
464
467
474
480
516
543
545
653
616
499
375
292
516
632
781
807
722
718
939
1200
1451
1637
1717
1793
1985
1773
1906
1811
2012
1778
1809
1969
2592
2481
1965
1770
1809
2122
2333
2346
2165
1865
1724
1582
1731
1495
1529
1441
1648
1833
1752
1778
1831
1760
1636
1458
1517
2160
2250
2218
2957
3273
3414
3858
4060
3959
3637
3023
2371
1471
909
710
756
790
828
789
771
841
945
1010
1032
898
754
455
259
214
249
304
325
390
451
451
470
429
537
792
1076
1066
914
827
727
719
707
702
636
655
641
358
258
671
1120
1181
1049
1022
974
886
735
725
881
867
917
945
917
1162
1293
1207
1106
983
1202
1459
1509
1302
1143
1185
1551
1732
2003
1915
2149
2196
2032
1872
1552
1614
1469
1388
1500
1423
1341
1556
1920
1822
2204
2244
1642
976
977
1750
2928
3185
3326
3373
3369
3382
3014
2471
1866
1668
1678
1687
1467
1093
783
722
686
1025
975
1301
1175
834
1296
1438
1654
1557
1331
1160
1053
915
750
581
448
464
493
544
544
590
545
484
435
382
380
384
373
342
419
459
351
264
202
181
196
275
356
398
474
552
552
521
418
348
359
327
324
305
268
246
202
138
124
96
86
80
81
59
54
21
9
45
115
127
205
462
603
624
624
582
543
594
640
688
570
276
104
49
40
37
42
76
190
351
362
514
683
964
1111
1261
997
1093
1150
1027
1057
981
941
1163
1248
756
483
404
370
331
228
224
224
179
160
162
178
168
155
180
168
237
320
432
443
456
506
584
534
208
61
91
121
150
195
211
204
171
157
173
157
203
304
301
304
360
413
464
491
516
444
407
349
124
55
67
67
171
238
235
268
245
197
119
223
466
857
1176
1240
1055
1081
1031
1037
928
847
902
823
429
434
742
598
751
681
609
680
663
566
534
660
1271
1674
1526
1381
1321
1394
1355
1074
1005
937
989
1028
535
227
198
301
595
843
990
808
545
455
373
414
771
1120
1356
1370
1166
1177
1165
1059
1042
885
907
956
524
254
375
662
686
703
703
700
625
492
295
221
235
294
492
589
505
474
389
365
258
165
127
146
41
0
0
19
188
203
407
364
409
446
266
327
546
739
910
1208
1229
1143
1015
895
738
672
631
874
864
898
445
266
259
368
394
375
317
320
335
502
741
1199
1447
1533
1511
1303
1161
1224
1180
1155
780
959
504
185
239
430
553
585
625
616
555
478
553
879
1267
1449
1766
2077
2192
2171
2171
2139
1666
1391
1035
863
454
225
202
280
348
357
308
305
289
409
257
349
400
469
642
927
1238
1203
1190
1288
1273
1222
1405
1249
1002
1345
1980
1915
1654
1704
1307
1115
951
681
830
998
1189
898
796
681
580
675
741
781
821
827
873
816
509
256
154
111
116
117
119
206
379
614
526
319
373
559
642
652
577
507
547
573
548
549
550
673
418
288
242
202
438
767
788
1069
962
562
444
270
271
269
480
350
225
401
626
580
595
583
586
518
514
568
586
639
774
953
1007
1121
1128
1252
1098
957
1023
1005
1126
958
903
847
1010
1018
1088
1068
950
945
822
845
1062
1214
1269
1489
1569
2083
2185
2180
1846
1461
1260
1086
1046
1020
1077
1119
921
954
1022
1040
1076
1333
1206
1219
1422
1274
1316
1294
1232
1250
1227
1187
976
1081
1514
1907
2384
2597
2599
2549
2802
3361
3233
3071
3276
3098
2490
2552
2865
2832
2805
2894
2905
2851
2759
2467
2090
2350
2810
2866
2543
2502
2496
2749
2587
2332
1922
1671
1480
1262
750
571
736
796
917
1153
1333
1449
1531
1370
1106
1632
1834
1790
1746
1714
1728
1784
1887
1890
1860
1763
1405
1200
622
405
873
1274
1089
1019
1127
1211
1289
1348
1156
1507
1951
2324
2402
2496
2326
2078
1899
1653
1579
1481
1547
1678
1273
1199
1698
2017
1887
1756
1526
1306
1471
1591
1651
1993
2507
2739
2888
3031
2912
2450
2468
2487
1889
1539
1144
1221
1238
1085
1116
984
894
896
706
664
876
683
457
429
617
1084
1481
1607
1972
2641
2734
2930
2865
2764
2922
2910
2360
2218
2056
1788
1700
1716
1541
1560
1615
1573
1330
1444
1637
1570
1356
1186
1161
1204
1108
1052
939
828
815
777
538
395
443
378
295
264
243
266
278
321
318
554
747
1069
1278
1480
1538
1536
1439
1175
1134
1063
1145
1176
753
520
431
308
242
214
234
268
303
407
493
855
1165
1221
1345
1388
1277
1179
1041
912
650
477
303
264
168
51
27
29
29
31
29
23
8
24
47
105
264
491
510
543
614
728
735
667
558
413
308
366
209
40
47
63
57
65
107
160
228
343
578
1252
1657
1948
1911
1919
2024
2014
1947
1870
1535
1246
1010
966
611
381
375
410
432
439
492
533
599
765
1206
1903
2284
2509
2504
2404
2270
2166
1884
1701
1725
1666
1598
1728
1386
1122
1150
1708
2133
1985
1797
1796
1926
2007
1894
2181
2389
2387
2278
2061
2074
1843
1624
1560
1481
1532
1493
1654
1327
1190
1430
1642
1728
1780
1799
1951
1998
1926
1744
1876
2019
2110
2155
1984
1833
1697
1530
1465
1480
1391
1233
1227
1159
1137
878
718
707
641
621
682
738
807
791
922
1099
1391
1829
1850
1559
1390
1154
958
814
667
640
682
581
591
559
458
444
493
508
473
432
406
465
601
656
607
548
583
581
567
591
615
606
533
578
1002
1264
1680
1844
2116
2061
2155
2186
2654
2831
2769
2922
2658
2685
2846
2575
2274
2144
2076
2021
2046
2193
2288
2398
2417
2298
2515
2629
2586
2344
2262
2394
2549
2768
2900
2680
2583
2584
2650
2590
2466
2263
2179
1990
1907
1914
1915
2026
2095
1754
2030
2604
2918
3212
3359
3516
3653
3813
3669
3267
3054
3320
3387
3455
3274
3317
3276
3191
3085
3147
2940
3428
3601
3593
3907
4269
4383
4504
4650
4738
4909
4934
4738
4704
4466
4240
4488
4646
4642
4646
4537
4298
4259
4288
4152
4077
3877
4264
4559
4753
4536
4344
4222
4253
4220
4260
4536
4564
4332
4010
3563
3162
2728
2577
2346
1957
1837
1912
1949
1922
2123
2114
1919
1652
1475
1415
1407
1344
1375
1593
1773
1650
1874
1902
1778
1489
1308
1268
1026
920
857
659
584
507
492
313
175
115
82
43
41
50
69
78
105
296
480
506
390
311
273
214
196
159
116
73
81
107
213
179
105
65
42
51
85
84
119
151
212
242
245
223
245
283
302
311
304
255
236
241
224
202
220
285
296
302
273
198
213
287
389
335
250
405
593
679
835
923
879
800
913
1049
968
808
500
487
673
587
307
385
932
1417
1807
2023
2147
2117
1829
1519
1685
1940
2238
2591
2558
2451
2356
2373
2196
2216
2441
2355
2242
2197
2401
2698
2706
2397
2260
2334
2176
1917
1799
1663
1776
1685
1459
1116
1015
893
794
665
390
297
258
285
312
282
225
221
224
247
254
224
208
263
402
558
814
1008
1677
2033
1990
2244
2504
2707
2859
2994
2988
2885
2263
2149
1535
1554
1569
1805
2196
2379
2453
2618
2451
2629
3300
3734
3904
3941
3953
3944
3911
3985
4007
3753
3162
3196
3217
2970
2980
2876
2590
2289
2485
3042
3198
3479
3417
3464
3253
3096
2977
3422
3399
3886
3803
3965
3508
3169
3012
3047
2885
3135
3290
2918
2676
2656
2677
2705
2657
2548
2415
1953
1936
2225
2246
2246
2174
1852
1794
1800
1661
1564
1567
1391
1334
1025
979
1223
1380
1451
1609
1827
1810
1544
1005
623
630
702
735
797
940
1052
1178
1502
1871
2115
2250
2498
2783
2419
1913
2150
2827
3018
3033
3218
3527
3640
3119
3337
3655
3836
3615
3485
3174
3136
3010
2897
2529
2579
2961
3144
3148
2506
2243
2309
2570
2809
2835
3296
3410
3457
3100
2649
2369
2245
2133
1904
1769
1620
1568
1725
1860
2039
2019
1883
2013
1750
2063
2301
2023
1988
2192
2467
2340
2018
1675
1156
1053
1089
1129
1278
1506
1520
1519
1685
1758
1779
1931
1756
1606
1406
1128
1266
1300
1329
1310
1184
1128
1078
935
943
1233
1733
1967
2074
2196
2298
2509
2950
3027
2985
3081
2918
3018
3144
3354
3728
3792
3833
3834
3899
3845
3692
3877
4161
4383
4664
4942
4958
4844
4993
4803
4970
4660
4494
4503
4189
4094
3766
3721
3703
3465
3261
2963
2753
2536
2443
2362
2602
2967
2898
2663
2817
2789
2768
2677
3162
3125
2502
1982
2087
2248
2568
2369
2467
2731
2760
2551
2419
2465
2527
2302
2494
2886
3155
2973
2827
2769
2719
2223
2176
2055
2035
1944
1980
2018
1589
1269
1030
880
734
698
679
682
838
1138
1452
2177
2382
2538
2696
2688
2407
2413
2307
2344
2376
2271
2550
2555
2192
1853
1690
1573
1472
1715
2037
2158
2042
2236
2735
2867
2732
2933
2933
3288
3694
3965
3863
3630
3620
3656
3886
4049
4007
3947
3947
3974
3965
4138
3938
4250
4427
4293
4371
4124
3743
3421
2996
2716
2440
2288
2447
2198
2120
1875
1543
1329
1002
976
1289
1162
1101
1309
1541
1445
1141
1042
1250
1357
1483
1698
1799
1936
1826
1958
1963
2111
1986
2088
2148
2245
1759
1227
1335
1487
1192
1050
976
1084
1299
1505
2102
2765
3074
3241
3411
3490
3549
3245
3206
3341
3392
3262
2930
2782
2787
2774
2708
2915
3265
3224
3570
3775
4051
4458
4639
4843
5047
5098
4838
4493
3959
3840
3637
3486
3221
3225
3531
3696
4029
4190
4542
4859
5002
4806
4650
4603
4369
4411
4480
4528
4414
4331
4059
4148
4089
4386
4526
4459
4493
4774
4824
5004
4978
4849
4736
4598
4761
4857
4720
4446
4043
3484
3122
2905
2780
2378
1911
1937
1812
1553
1398
1314
1309
1247
1195
1109
1076
1030
809
608
552
550
637
738
733
797
1020
1209
1450
1344
1189
1189
1476
1460
1354
1383
1395
1960
2248
2425
2788
3045
3178
2895
2605
2342
2376
2273
2704
2795
2986
2814
2882
2937
3029
2856
2800
2745
2662
3038
3041
3548
3694
3449
2885
2313
2049
1934
1883
1853
1706
1262
1148
1852
2790
3507
3682
3472
3200
3136
3198
3071
2804
2452
2143
2162
1884
1500
987
604
760
1175
1216
1130
1041
789
912
1181
1410
1642
1781
2054
1923
1770
1459
1262
1050
800
682
510
414
263
127
71
65
71
71
136
231
283
494
709
1037
1200
1331
1553
1468
1330
1347
1299
1372
1372
1431
1421
1273
1024
627
432
549
889
1198
1389
1474
1554
1521
1815
2321
2560
2600
2646
2637
2752
2634
2558
2149
1966
1780
1499
1539
1512
1255
1255
1680
2810
3244
3439
3140
3237
3386
3559
3188
3463
4109
4305
4097
4196
4287
4432
4410
4362
4236
4173
4022
4081
4102
4170
4002
4096
3904
3642
3343
3027
2357
2077
1666
1586
1550
1600
1534
1397
1287
1531
1653
1736
1628
1509
1259
1077
892
915
1426
2448
3226
3522
3635
3187
2563
2355
2339
2100
2074
2013
1922
1548
1288
877
781
622
471
485
415
300
300
229
208
134
71
46
20
15
47
110
185
260
385
492
564
591
668
664
633
640
669
757
940
880
791
801
803
774
703
637
586
584
710
933
1111
1189
1075
1048
1062
1077
1121
1163
1251
1066
843
773
711
551
423
396
395
531
722
889
1011
1061
1132
1229
1368
1615
1901
2397
2776
2987
3134
3052
3081
3034
3149
3365
3416
3297
3014
2691
2807
2932
3233
3481
3496
3338
3497
3768
3746
3520
3085
3439
3838
3877
3856
4149
4166
4432
4533
4323
4579
4746
4783
4932
4857
4882
5220
5327
5266
5208
5076
5264
5303
5381
5338
5256
5257
5276
5151
5092
5177
4979
4857
4876
4907
5026
5087
5029
5122
5302
5192
5166
5226
5217
4893
4605
4296
4164
4099
4035
3743
3461
3174
2761
2316
2044
1913
1946
2312
2845
3076
3113
3314
3301
3224
3052
3185
3230
3714
4559
4933
4995
5059
5015
4905
4926
4851
4788
4350
4193
4211
4225
4261
4033
3107
2271
2123
2424
2714
2539
2390
2090
2269
2921
3612
3906
4239
4369
4197
4014
3703
3466
3275
3048
2702
2452
2604
2370
1934
1598
1347
1462
1937
2274
2476
2501
2648
2671
2686
2662
2819
2836
2704
2898
2922
3161
3348
3605
3898
3619
4510
4690
4600
4563
4625
4633
4736
4876
5049
5220
5387
5533
5588
5508
5416
5467
5441
5294
5328
5397
5384
5142
4902
4953
4987
5073
5126
5086
5114
5065
5123
5135
5043
4914
4961
4962
4856
4870
4877
4454
4123
4058
4017
4049
4165
4470
4416
4420
4424
4437
4394
4374
4308
4529
4877
4871
4803
4460
4129
3916
3848
3866
4281
4472
4739
4931
4823
4572
4203
4054
4025
3927
3506
2715
2043
1897
1871
1836
1717
1297
841
834
961
1181
1060
890
812
726
1151
1701
2077
2723
3022
2870
3089
3153
2975
2705
2962
3219
3001
2971
3378
3832
4278
4530
4827
5047
5153
4987
4701
4354
4049
3991
3636
3156
2776
2534
2076
1605
1276
1140
1176
1338
1475
1419
1426
1460
1763
2122
2370
2654
2779
3129
3473
3795
3643
3538
3553
3815
3956
3952
3894
3832
3669
3478
3044
2905
2440
2151
1898
2068
1977
1781
1970
2357
2550
2727
2586
2477
2250
1979
1625
1273
985
775
640
587
592
737
942
1098
1094
1021
1048
1129
1334
1583
1918
2389
2700
2849
3024
3195
3491
3482
3458
3425
3493
3638
3804
4092
4178
4241
4062
3808
3643
3706
3947
4162
4363
4529
4840
5180
5526
5483
5275
5316
5250
5279
4946
4819
4618
4747
4831
4840
4869
4733
4583
4492
4338
4256
3838
4215
4315
4010
4472
4654
4922
4858
4779
4798
4522
4609
4479
4546
3851
3710
3813
4160
4294
4379
4143
3549
3367
3617
3515
3494
3464
3292
3245
3202
3173
3396
3280
2939
2894
2950
2852
2673
2632
2439
2608
2684
2397
2390
2173
1967
1910
1912
1746
1627
1650
1626
1639
1803
1527
1295
1138
918
852
794
852
821
938
954
942
1012
992
968
874
638
546
340
495
527
725
833
1084
1709
2153
2220
2231
2125
2216
2566
2450
2336
2368
2219
2454
2386
2424
2456
2364
2253
2156
1995
2022
2390
2495
2630
2937
3116
3192
2897
2496
2247
1815
1597
1521
1433
1603
1810
2169
2304
2394
2643
2546
2615
2509
2734
2876
2865
2574
2038
1761
2130
2433
2708
2728
2293
1814
1757
1624
1725
1476
1316
1365
1363
1304
1252
1291
1174
1439
1728
2062
2789
3130
2908
2732
2808
2726
2895
2989
2779
2833
2828
2978
2996
2937
2828
2691
2596
2447
2415
2130
1830
1787
1810
1679
1770
1837
1923
2085
2094
2018
2046
2059
2045
2184
2232
2268
2066
2186
2037
1655
1460
1513
1501
1242
876
582
543
580
646
733
806
1005
1300
1614
1565
1422
1263
1155
1008
741
486
363
408
357
344
338
355
352
282
190
274
239
211
306
586
830
1131
1338
1428
1706
2227
2528
2393
2226
2058
2064
2070
2095
2083
2033
1769
1584
819
352
248
201
293
161
147
358
558
700
957
990
830
946
1206
1347
1431
1334
976
822
597
354
161
16
14
29
111
219
327
493
571
690
898
1105
1475
1776
2041
1877
1839
1948
2061
2077
2377
2555
2466
2356
2477
2128
1531
1115
947
811
771
797
1062
1823
2827
3486
3619
3737
3669
3546
3480
3474
3366
3320
3074
2880
2758
2560
2492
2088
1512
1252
1368
1514
1530
1505
1522
1673
2112
2425
2506
2689
3070
3441
3502
3354
3374
3636
3806
3798
3889
4095
4245
4049
3914
3804
3902
3916
3910
3980
4045
4003
3538
3437
3527
3875
3922
4109
4180
4355
4480
4549
4550
4136
3385
2994
2547
1761
1555
1400
1358
1491
1572
1597
1623
1816
2344
2544
2497
2571
2656
2439
2243
1965
1854
1879
2069
2287
2093
1915
1908
1825
1824
2015
2080
1942
1670
1426
1314
1553
1864
2114
2284
2592
2587
2650
2901
2948
2905
2909
3202
3332
3345
3122
2987
3238
3577
3782
3685
3592
3459
3569
3819
3532
3854
4466
4826
4833
4932
4924
4941
4852
4861
4773
4910
4999
4907
4780
4545
4364
4453
4844
4985
4775
4938
5176
5201
4702
4569
4752
4843
4302
4535
4868
4814
4855
4519
4025
3592
3204
2958
2696
2363
2181
2001
1912
1847
1777
1710
1771
1734
1929
2090
2518
3003
3255
3074
2646
2594
2572
2841
3015
3078
2646
2704
2836
3083
3258
3170
3714
3886
4058
4206
4262
4126
4340
4347
4514
4849
4978
4813
4462
4211
4113
3933
3690
3707
3784
3538
3491
3594
3495
3541
3657
3550
2967
2694
2413
2210
1877
1663
1747
1850
2013
2240
2282
2374
2377
2059
2084
2091
2314
2694
3177
3413
3744
4248
4311
4439
4551
4596
4750
4503
4120
4452
4571
4797
4991
5023
5120
5084
5096
4979
4799
4367
3927
3581
3227
3013
3168
3151
2949
2768
2814
2800
2731
2344
2153
2443
2814
3430
3968
4129
4299
4221
4350
4539
4368
4233
4146
4187
4136
4032
4009
4041
4041
4086
4094
4143
4271
4444
4808
5026
5094
5046
5165
5153
5076
5058
4949
4722
4764
4833
4893
4956
4988
5026
5109
5244
5142
4809
4613
4365
3958
3611
3299
3184
2849
2475
1962
1596
1518
1691
1760
1872
2101
2249
2275
2131
1972
1641
1263
1169
1284
1574
1547
1185
860
878
1194
1662
2303
2776
2801
2604
2887
3226
3297
3249
3126
3288
3361
3315
3847
4324
4924
5020
5121
4873
4862
4632
4791
4943
4997
4974
5159
5007
4783
4805
4928
5122
4946
4520
3904
4115
3538
2906
2273
2501
2699
2285
2204
1597
867
484
449
513
719
977
1116
1238
1090
1065
1242
1614
1828
2055
2218
2269
2136
1768
1663
1528
1129
760
668
496
460
560
706
749
934
1582
2161
2627
2863
3083
3252
3546
3229
3225
3610
3845
4155
4195
3770
3709
4185
3741
3067
2527
2387
2359
2057
1896
1801
1872
2246
2248
2304
2446
2478
2669
3315
3962
4268
4539
4910
4990
4942
5161
4840
4680
4818
5128
4971
4745
4842
4604
4111
3868
3946
3750
3998
4218
4481
4481
4435
4515
4519
4555
4384
3992
3637
3388
3335
3178
3543
3878
4078
4337
4396
4672
4848
5036
4711
3997
3593
3911
3811
3866
3824
3932
4035
4031
4043
4110
4100
4221
4059
3968
3803
3891
3775
3501
3149
2687
2348
2203
1608
1195
864
514
385
247
323
329
303
509
456
290
213
295
335
373
480
607
946
1173
1243
1312
1335
1279
1277
1382
1320
1366
1359
1613
1936
2111
2075
2105
2066
1914
1852
1702
1655
1750
1877
1924
2204
2350
2270
2154
2008
2079
2173
2123
2199
2250