1.740800000000000000e+04
1.690700000000000000e+04
1.630200000000000000e+04
1.649800000000000000e+04
1.644800000000000000e+04
1.705600000000000000e+04
1.719600000000000000e+04
1.672300000000000000e+04
1.771500000000000000e+04
1.780000000000000000e+04
1.809900000000000000e+04
1.806100000000000000e+04
1.807400000000000000e+04
1.762200000000000000e+04
1.737200000000000000e+04
1.726200000000000000e+04
1.710500000000000000e+04
1.742200000000000000e+04
1.725200000000000000e+04
1.674800000000000000e+04
1.667500000000000000e+04
1.687400000000000000e+04
1.745700000000000000e+04
1.796100000000000000e+04
1.812500000000000000e+04
1.872900000000000000e+04
1.888500000000000000e+04
1.867100000000000000e+04
1.877400000000000000e+04
1.826400000000000000e+04
1.793100000000000000e+04
1.824700000000000000e+04
1.829700000000000000e+04
1.800800000000000000e+04
1.788600000000000000e+04
1.791300000000000000e+04
1.785500000000000000e+04
1.811800000000000000e+04
1.798700000000000000e+04
1.778600000000000000e+04
1.782200000000000000e+04
1.795300000000000000e+04
1.815400000000000000e+04
1.863100000000000000e+04
1.861700000000000000e+04
1.865000000000000000e+04
1.872000000000000000e+04
1.827900000000000000e+04
1.793600000000000000e+04
1.746800000000000000e+04
1.766000000000000000e+04
1.773300000000000000e+04
1.773200000000000000e+04
1.834300000000000000e+04
1.862000000000000000e+04
1.864300000000000000e+04
1.869100000000000000e+04
1.904600000000000000e+04
1.895900000000000000e+04
1.857400000000000000e+04
1.805300000000000000e+04
1.794900000000000000e+04
1.782500000000000000e+04
1.745000000000000000e+04
1.704200000000000000e+04
1.715200000000000000e+04
1.751300000000000000e+04
1.757100000000000000e+04
1.686700000000000000e+04
1.678500000000000000e+04
1.660500000000000000e+04
1.550000000000000000e+04
1.482000000000000000e+04
1.546800000000000000e+04
1.553500000000000000e+04
1.520300000000000000e+04
1.522500000000000000e+04
1.540200000000000000e+04
1.551700000000000000e+04
1.548700000000000000e+04
1.590600000000000000e+04
1.594400000000000000e+04
1.552300000000000000e+04
1.514300000000000000e+04
1.521700000000000000e+04
1.522300000000000000e+04
1.504100000000000000e+04
1.458600000000000000e+04
1.472300000000000000e+04
1.463800000000000000e+04
1.506900000000000000e+04
1.544500000000000000e+04
1.536000000000000000e+04
1.497300000000000000e+04
1.461800000000000000e+04
1.436800000000000000e+04
1.414500000000000000e+04
1.419700000000000000e+04
1.449900000000000000e+04
1.454800000000000000e+04
1.485700000000000000e+04
1.530700000000000000e+04
1.532800000000000000e+04
1.547200000000000000e+04
1.626000000000000000e+04
1.631200000000000000e+04
1.617200000000000000e+04
1.627700000000000000e+04
1.664000000000000000e+04
1.656000000000000000e+04
1.636400000000000000e+04
1.635900000000000000e+04
1.652300000000000000e+04
1.662900000000000000e+04
1.659800000000000000e+04
1.686200000000000000e+04
1.694900000000000000e+04
1.737100000000000000e+04
1.726500000000000000e+04
1.701900000000000000e+04
1.678000000000000000e+04
1.710100000000000000e+04
1.684900000000000000e+04
1.683600000000000000e+04
1.709800000000000000e+04
1.734000000000000000e+04
1.736100000000000000e+04
1.736600000000000000e+04
1.775400000000000000e+04
1.779400000000000000e+04
1.747300000000000000e+04
1.717400000000000000e+04
1.735300000000000000e+04
1.688400000000000000e+04
1.739400000000000000e+04
1.756500000000000000e+04
1.735700000000000000e+04
1.735200000000000000e+04
1.736400000000000000e+04
1.758500000000000000e+04
1.753000000000000000e+04
1.721100000000000000e+04
1.722500000000000000e+04
1.703800000000000000e+04
1.671200000000000000e+04
1.659100000000000000e+04
1.653400000000000000e+04
1.676100000000000000e+04
1.690700000000000000e+04
1.701400000000000000e+04
1.706100000000000000e+04
1.697600000000000000e+04
1.700700000000000000e+04
1.739500000000000000e+04
1.792500000000000000e+04
1.790100000000000000e+04
1.777000000000000000e+04
1.785300000000000000e+04
1.778000000000000000e+04
1.743300000000000000e+04
1.742700000000000000e+04
1.745500000000000000e+04
1.745400000000000000e+04
1.766700000000000000e+04
1.768500000000000000e+04
1.749000000000000000e+04
1.756300000000000000e+04
1.756200000000000000e+04
1.757700000000000000e+04
1.771400000000000000e+04
1.763200000000000000e+04
1.764700000000000000e+04
1.768600000000000000e+04
1.744800000000000000e+04
1.730300000000000000e+04
1.708900000000000000e+04
1.710400000000000000e+04
1.677000000000000000e+04
1.660800000000000000e+04
1.618900000000000000e+04
1.621500000000000000e+04
1.617200000000000000e+04
1.642500000000000000e+04
1.652000000000000000e+04
1.646700000000000000e+04
1.640100000000000000e+04
1.604000000000000000e+04
1.613500000000000000e+04
1.609000000000000000e+04
1.591700000000000000e+04
1.588200000000000000e+04
1.639300000000000000e+04
1.640300000000000000e+04
1.597200000000000000e+04
1.600800000000000000e+04
1.573700000000000000e+04
1.544000000000000000e+04
1.558400000000000000e+04
1.538600000000000000e+04
1.483600000000000000e+04
1.486700000000000000e+04
1.491700000000000000e+04
1.453500000000000000e+04
1.417700000000000000e+04
1.392700000000000000e+04
1.422300000000000000e+04
1.469900000000000000e+04
1.495000000000000000e+04
1.509900000000000000e+04
1.485900000000000000e+04
1.492500000000000000e+04
1.486700000000000000e+04
1.502800000000000000e+04
1.519100000000000000e+04
1.478100000000000000e+04
1.470000000000000000e+04
1.460900000000000000e+04
1.463000000000000000e+04
1.457400000000000000e+04
1.456900000000000000e+04
1.453400000000000000e+04
1.484400000000000000e+04
1.476600000000000000e+04
1.460300000000000000e+04
1.441200000000000000e+04
1.449400000000000000e+04
1.401100000000000000e+04
1.407400000000000000e+04
1.377900000000000000e+04
1.357900000000000000e+04
1.353800000000000000e+04
1.418700000000000000e+04
1.427600000000000000e+04
1.445900000000000000e+04
1.506200000000000000e+04
1.535400000000000000e+04
1.518600000000000000e+04
1.538800000000000000e+04
1.531400000000000000e+04
1.525200000000000000e+04
1.528200000000000000e+04
1.541400000000000000e+04
1.532700000000000000e+04
1.495700000000000000e+04
1.480100000000000000e+04
1.485000000000000000e+04
1.522200000000000000e+04
1.526900000000000000e+04
1.562100000000000000e+04
1.659900000000000000e+04
1.693300000000000000e+04
1.688700000000000000e+04
1.662200000000000000e+04
1.709500000000000000e+04
1.709300000000000000e+04
1.704400000000000000e+04
1.721300000000000000e+04
1.703400000000000000e+04
1.703400000000000000e+04
1.725400000000000000e+04
1.764100000000000000e+04
1.781500000000000000e+04
1.757700000000000000e+04
1.786300000000000000e+04
1.802200000000000000e+04
1.793000000000000000e+04
1.802300000000000000e+04
1.789800000000000000e+04
1.791900000000000000e+04
1.767300000000000000e+04
1.720500000000000000e+04
1.694000000000000000e+04
1.701700000000000000e+04
1.700200000000000000e+04
1.727800000000000000e+04
1.727000000000000000e+04
1.723300000000000000e+04
1.717400000000000000e+04
1.728300000000000000e+04
1.726000000000000000e+04
1.695000000000000000e+04
1.639100000000000000e+04
1.624200000000000000e+04
1.590900000000000000e+04
1.591300000000000000e+04
1.622200000000000000e+04
1.626800000000000000e+04
1.643800000000000000e+04
1.672300000000000000e+04
1.673700000000000000e+04
1.681300000000000000e+04
1.642900000000000000e+04
1.653100000000000000e+04
1.624700000000000000e+04
1.614200000000000000e+04
1.576800000000000000e+04
1.558200000000000000e+04
1.548100000000000000e+04
1.535600000000000000e+04
1.537700000000000000e+04
1.507600000000000000e+04
1.519800000000000000e+04
1.484600000000000000e+04
1.443500000000000000e+04
1.491200000000000000e+04
1.495000000000000000e+04
1.484800000000000000e+04
1.471300000000000000e+04
1.443800000000000000e+04
1.448100000000000000e+04
1.400100000000000000e+04
1.413500000000000000e+04
1.448100000000000000e+04
1.468100000000000000e+04
1.471800000000000000e+04
1.509700000000000000e+04
1.526700000000000000e+04
1.496900000000000000e+04
1.497600000000000000e+04
1.455400000000000000e+04
1.515000000000000000e+04
1.501500000000000000e+04
1.440800000000000000e+04
1.389200000000000000e+04
1.420600000000000000e+04
1.422100000000000000e+04
1.477000000000000000e+04
1.513400000000000000e+04
1.521000000000000000e+04
1.491900000000000000e+04
1.514100000000000000e+04
1.530400000000000000e+04
1.522100000000000000e+04
1.496200000000000000e+04
1.486600000000000000e+04
1.511700000000000000e+04
1.501700000000000000e+04
1.450700000000000000e+04
1.431300000000000000e+04
1.473700000000000000e+04
1.509400000000000000e+04
1.501100000000000000e+04
1.515600000000000000e+04
1.519700000000000000e+04
1.490400000000000000e+04
1.483300000000000000e+04
1.458800000000000000e+04
1.443500000000000000e+04
1.448900000000000000e+04
1.457800000000000000e+04
1.471600000000000000e+04
1.479100000000000000e+04
1.514300000000000000e+04
1.540600000000000000e+04
1.556800000000000000e+04
1.554500000000000000e+04
1.564400000000000000e+04
1.539600000000000000e+04
1.523700000000000000e+04
1.559900000000000000e+04
1.538500000000000000e+04
1.498100000000000000e+04
1.454100000000000000e+04
1.459900000000000000e+04
1.484000000000000000e+04
1.510500000000000000e+04
1.487000000000000000e+04
1.461900000000000000e+04
1.462900000000000000e+04
1.442900000000000000e+04
1.463900000000000000e+04
1.465800000000000000e+04
1.477100000000000000e+04
1.439500000000000000e+04
1.427900000000000000e+04
1.405200000000000000e+04
1.406000000000000000e+04
1.385300000000000000e+04
1.398700000000000000e+04
1.408700000000000000e+04
1.412600000000000000e+04
1.421800000000000000e+04
1.423600000000000000e+04
1.395200000000000000e+04
1.409200000000000000e+04
1.423800000000000000e+04
1.410500000000000000e+04
1.395500000000000000e+04
1.397900000000000000e+04
1.391000000000000000e+04
1.411600000000000000e+04
1.382700000000000000e+04
1.383600000000000000e+04
1.384600000000000000e+04
1.390300000000000000e+04
1.406700000000000000e+04
1.414200000000000000e+04
1.411300000000000000e+04
1.392900000000000000e+04
1.392000000000000000e+04
1.392800000000000000e+04
1.384100000000000000e+04
1.385300000000000000e+04
1.372200000000000000e+04
1.350700000000000000e+04
1.322800000000000000e+04
1.318500000000000000e+04
1.316100000000000000e+04
1.301200000000000000e+04
1.300400000000000000e+04
1.304700000000000000e+04
1.311300000000000000e+04
1.318100000000000000e+04
1.311300000000000000e+04
1.294900000000000000e+04
1.286300000000000000e+04
1.294700000000000000e+04
1.276700000000000000e+04
1.259900000000000000e+04
1.223800000000000000e+04
1.198400000000000000e+04
1.131900000000000000e+04
1.115600000000000000e+04
1.027100000000000000e+04
1.057300000000000000e+04
1.070700000000000000e+04
1.083500000000000000e+04
1.071900000000000000e+04
1.049300000000000000e+04
1.069300000000000000e+04
1.059500000000000000e+04
1.027300000000000000e+04
1.046200000000000000e+04
1.071400000000000000e+04
1.063300000000000000e+04
1.054700000000000000e+04
1.035500000000000000e+04
1.032800000000000000e+04
1.026800000000000000e+04
1.017400000000000000e+04
1.032200000000000000e+04
1.046200000000000000e+04
1.079000000000000000e+04
1.133000000000000000e+04
1.147400000000000000e+04
1.148400000000000000e+04
1.125900000000000000e+04
1.141300000000000000e+04
1.172400000000000000e+04
1.179600000000000000e+04
1.166500000000000000e+04
1.178300000000000000e+04
1.192400000000000000e+04
1.178300000000000000e+04
1.139600000000000000e+04
1.136400000000000000e+04
1.149700000000000000e+04
1.217600000000000000e+04
1.248000000000000000e+04
1.298200000000000000e+04
1.289200000000000000e+04
1.277400000000000000e+04
1.276700000000000000e+04
1.309300000000000000e+04
1.307700000000000000e+04
1.304500000000000000e+04
1.313600000000000000e+04
1.299500000000000000e+04
1.283100000000000000e+04
1.305600000000000000e+04
1.352800000000000000e+04
1.376000000000000000e+04
1.378600000000000000e+04
1.355200000000000000e+04
1.318300000000000000e+04
1.305300000000000000e+04
1.333600000000000000e+04
1.356400000000000000e+04
1.338200000000000000e+04
1.356900000000000000e+04
1.366100000000000000e+04
1.344600000000000000e+04
1.359200000000000000e+04
1.357500000000000000e+04
1.357900000000000000e+04
1.315400000000000000e+04
1.306200000000000000e+04
1.341400000000000000e+04
1.350800000000000000e+04
1.327100000000000000e+04
1.338500000000000000e+04
1.344400000000000000e+04
1.382500000000000000e+04
1.396000000000000000e+04
1.390100000000000000e+04
1.428600000000000000e+04
1.435800000000000000e+04
1.441200000000000000e+04
1.438500000000000000e+04
1.419000000000000000e+04
1.400900000000000000e+04
1.383400000000000000e+04
1.360000000000000000e+04
1.336200000000000000e+04
1.318600000000000000e+04
1.335900000000000000e+04
1.340400000000000000e+04
1.336700000000000000e+04
1.332100000000000000e+04
1.328400000000000000e+04
1.330900000000000000e+04
1.321400000000000000e+04
1.318100000000000000e+04
1.262700000000000000e+04
1.281200000000000000e+04
1.278300000000000000e+04
1.265400000000000000e+04
1.277700000000000000e+04
1.288300000000000000e+04
1.277400000000000000e+04
1.269200000000000000e+04
1.296000000000000000e+04
1.324500000000000000e+04
1.329900000000000000e+04
1.323800000000000000e+04
1.324400000000000000e+04
1.333000000000000000e+04
1.367700000000000000e+04
1.364000000000000000e+04
1.400500000000000000e+04
1.405000000000000000e+04
1.424700000000000000e+04
1.422100000000000000e+04
1.441400000000000000e+04
1.447400000000000000e+04
1.448100000000000000e+04
1.400600000000000000e+04
1.401100000000000000e+04
1.396100000000000000e+04
1.403200000000000000e+04
1.421300000000000000e+04
1.435000000000000000e+04
1.433100000000000000e+04
1.437000000000000000e+04
1.449200000000000000e+04
1.432900000000000000e+04
1.415700000000000000e+04
1.408500000000000000e+04
1.372500000000000000e+04
1.343000000000000000e+04
1.356900000000000000e+04
1.357800000000000000e+04
1.349700000000000000e+04
1.349800000000000000e+04
1.353500000000000000e+04
1.334500000000000000e+04
1.337000000000000000e+04
1.344000000000000000e+04
1.324700000000000000e+04
1.324300000000000000e+04
1.344500000000000000e+04
1.355900000000000000e+04
1.376300000000000000e+04
1.382200000000000000e+04
1.369200000000000000e+04
1.387200000000000000e+04
1.372800000000000000e+04
1.363000000000000000e+04
1.348500000000000000e+04
1.330200000000000000e+04
1.339400000000000000e+04
1.338400000000000000e+04
1.336700000000000000e+04
1.314200000000000000e+04
1.326100000000000000e+04
1.309000000000000000e+04
1.267800000000000000e+04
1.259400000000000000e+04
1.260700000000000000e+04
1.266400000000000000e+04
1.260200000000000000e+04
1.217900000000000000e+04
1.221100000000000000e+04
1.232600000000000000e+04
1.246300000000000000e+04
1.268800000000000000e+04
1.273800000000000000e+04
1.276900000000000000e+04
1.277600000000000000e+04
1.284400000000000000e+04
1.256100000000000000e+04
1.268900000000000000e+04
1.270700000000000000e+04
1.286000000000000000e+04
1.299800000000000000e+04
1.301300000000000000e+04
1.291300000000000000e+04
1.264100000000000000e+04
1.270700000000000000e+04
1.259500000000000000e+04
1.231000000000000000e+04
1.259900000000000000e+04
1.268500000000000000e+04
1.240000000000000000e+04
1.231200000000000000e+04
1.198400000000000000e+04
1.195300000000000000e+04
1.211300000000000000e+04
1.190000000000000000e+04
1.157900000000000000e+04
1.101000000000000000e+04
1.081300000000000000e+04
1.097300000000000000e+04
1.069300000000000000e+04
1.101300000000000000e+04
1.127100000000000000e+04
1.117300000000000000e+04
1.090800000000000000e+04
1.086800000000000000e+04
1.072100000000000000e+04
1.066700000000000000e+04
1.070800000000000000e+04
1.083900000000000000e+04
1.081000000000000000e+04
1.096700000000000000e+04
1.096900000000000000e+04
1.074100000000000000e+04
1.081300000000000000e+04
1.091500000000000000e+04
1.081200000000000000e+04
1.056700000000000000e+04
1.001300000000000000e+04
9.972000000000000000e+03
9.947000000000000000e+03
9.778000000000000000e+03
9.672000000000000000e+03
9.613000000000000000e+03
9.894000000000000000e+03
9.863000000000000000e+03
9.943000000000000000e+03
9.848000000000000000e+03
9.794000000000000000e+03
9.933000000000000000e+03
1.042000000000000000e+04
1.031400000000000000e+04
1.000700000000000000e+04
9.842000000000000000e+03
9.587000000000000000e+03
9.472000000000000000e+03
9.538000000000000000e+03
9.656000000000000000e+03
9.552000000000000000e+03
9.494000000000000000e+03
9.703000000000000000e+03
9.761000000000000000e+03
1.010000000000000000e+04
1.038800000000000000e+04
1.043600000000000000e+04
1.051700000000000000e+04
1.060400000000000000e+04
1.047700000000000000e+04
1.037100000000000000e+04
1.017300000000000000e+04
9.992000000000000000e+03
9.876000000000000000e+03
9.954000000000000000e+03
1.005100000000000000e+04
1.024700000000000000e+04
1.018700000000000000e+04
1.021800000000000000e+04
1.017200000000000000e+04
9.942000000000000000e+03
9.637000000000000000e+03
9.626000000000000000e+03
9.637000000000000000e+03
9.574000000000000000e+03
9.341000000000000000e+03
9.357000000000000000e+03
9.386000000000000000e+03
9.202000000000000000e+03
8.720000000000000000e+03
9.021000000000000000e+03
9.131000000000000000e+03
9.170000000000000000e+03
9.319000000000000000e+03
9.287000000000000000e+03
8.909000000000000000e+03
8.838000000000000000e+03
8.932000000000000000e+03
9.042000000000000000e+03
8.853000000000000000e+03
8.621000000000000000e+03
8.513000000000000000e+03
8.919000000000000000e+03
9.080000000000000000e+03
9.161000000000000000e+03
9.331000000000000000e+03
9.840000000000000000e+03
1.010600000000000000e+04
1.006700000000000000e+04
1.009200000000000000e+04
9.655000000000000000e+03
1.009600000000000000e+04
1.024100000000000000e+04
1.026500000000000000e+04
1.037700000000000000e+04
1.003400000000000000e+04
9.861000000000000000e+03
9.893000000000000000e+03
1.003000000000000000e+04
9.977000000000000000e+03
9.871000000000000000e+03
9.812000000000000000e+03
9.903000000000000000e+03
1.009900000000000000e+04
1.005100000000000000e+04
1.011100000000000000e+04
1.031800000000000000e+04
1.043300000000000000e+04
1.044700000000000000e+04
1.028300000000000000e+04
1.028600000000000000e+04
1.029100000000000000e+04
1.051800000000000000e+04
1.073500000000000000e+04
1.067300000000000000e+04
1.068100000000000000e+04
1.065000000000000000e+04
1.057500000000000000e+04
1.056200000000000000e+04
1.049700000000000000e+04
1.065200000000000000e+04
1.074200000000000000e+04
1.064700000000000000e+04
1.079800000000000000e+04
1.094800000000000000e+04
1.100600000000000000e+04
1.122200000000000000e+04
1.160500000000000000e+04
1.164800000000000000e+04
1.147500000000000000e+04
1.132500000000000000e+04
1.132400000000000000e+04
1.160200000000000000e+04
1.179700000000000000e+04
1.203100000000000000e+04
1.201700000000000000e+04
1.192700000000000000e+04
1.196500000000000000e+04
1.224200000000000000e+04
1.234900000000000000e+04
1.217400000000000000e+04
1.215000000000000000e+04
1.219300000000000000e+04
1.195100000000000000e+04
1.174200000000000000e+04
1.161500000000000000e+04
1.142800000000000000e+04
1.133500000000000000e+04
1.115700000000000000e+04
1.076800000000000000e+04
1.065000000000000000e+04
1.086300000000000000e+04
1.100000000000000000e+04
1.100400000000000000e+04
1.106700000000000000e+04
1.087800000000000000e+04
1.076000000000000000e+04
1.058800000000000000e+04
1.069100000000000000e+04
1.052600000000000000e+04
1.064900000000000000e+04
1.058700000000000000e+04
1.050900000000000000e+04
1.016200000000000000e+04
1.022900000000000000e+04
1.046500000000000000e+04
1.043400000000000000e+04
1.026700000000000000e+04
1.033900000000000000e+04
1.045400000000000000e+04
1.023100000000000000e+04
1.027000000000000000e+04
1.015100000000000000e+04
1.028000000000000000e+04
1.031800000000000000e+04
1.062600000000000000e+04
1.079900000000000000e+04
1.069400000000000000e+04
1.040700000000000000e+04
1.058300000000000000e+04
1.083900000000000000e+04
1.092300000000000000e+04
1.094000000000000000e+04
1.119200000000000000e+04
1.114300000000000000e+04
1.117400000000000000e+04
1.141300000000000000e+04
1.136100000000000000e+04
1.124200000000000000e+04
1.129600000000000000e+04
1.126100000000000000e+04
1.142000000000000000e+04
1.138700000000000000e+04
1.161600000000000000e+04
1.199700000000000000e+04
1.213200000000000000e+04
1.213400000000000000e+04
1.243500000000000000e+04
1.213500000000000000e+04
1.190300000000000000e+04
1.181800000000000000e+04
1.175200000000000000e+04
1.188800000000000000e+04
1.211000000000000000e+04
1.224400000000000000e+04
1.243100000000000000e+04
1.250200000000000000e+04
1.245500000000000000e+04
1.238200000000000000e+04
1.218500000000000000e+04
1.248000000000000000e+04
1.281900000000000000e+04
1.274600000000000000e+04
1.286500000000000000e+04
1.286900000000000000e+04
1.284600000000000000e+04
1.298100000000000000e+04
1.302800000000000000e+04
1.324700000000000000e+04
1.334400000000000000e+04
1.356400000000000000e+04
1.348200000000000000e+04
1.346400000000000000e+04
1.322400000000000000e+04
1.318100000000000000e+04
1.275200000000000000e+04
1.307600000000000000e+04
1.317300000000000000e+04
1.324500000000000000e+04
1.323900000000000000e+04
1.332000000000000000e+04
1.342600000000000000e+04
1.350700000000000000e+04
1.354100000000000000e+04
1.350400000000000000e+04
1.335000000000000000e+04
1.376000000000000000e+04
1.390800000000000000e+04
1.407100000000000000e+04
1.397800000000000000e+04
1.407200000000000000e+04
1.393000000000000000e+04
1.400700000000000000e+04
1.404700000000000000e+04
1.396300000000000000e+04
1.397300000000000000e+04
1.388900000000000000e+04
1.351400000000000000e+04
1.327300000000000000e+04
1.320400000000000000e+04
1.328500000000000000e+04
1.323700000000000000e+04
1.319300000000000000e+04
1.306600000000000000e+04
1.329100000000000000e+04
1.337600000000000000e+04
1.330800000000000000e+04
1.329200000000000000e+04
1.344400000000000000e+04
1.361800000000000000e+04
1.362200000000000000e+04
1.352200000000000000e+04
1.363400000000000000e+04
1.373500000000000000e+04
1.363300000000000000e+04
1.363500000000000000e+04
1.380900000000000000e+04
1.385900000000000000e+04
1.386700000000000000e+04
1.394200000000000000e+04
1.394600000000000000e+04
1.386700000000000000e+04
1.378300000000000000e+04
1.370300000000000000e+04
1.369700000000000000e+04
1.361500000000000000e+04
1.357800000000000000e+04
1.312700000000000000e+04
1.311200000000000000e+04
1.318800000000000000e+04
1.335000000000000000e+04
1.351300000000000000e+04
1.358100000000000000e+04
1.376500000000000000e+04
1.385700000000000000e+04
1.384800000000000000e+04
1.395100000000000000e+04
1.414600000000000000e+04
1.423500000000000000e+04
1.450500000000000000e+04
1.468600000000000000e+04
1.476400000000000000e+04
1.471300000000000000e+04
1.494700000000000000e+04
1.514200000000000000e+04
1.525200000000000000e+04
1.519600000000000000e+04
1.537400000000000000e+04
1.547400000000000000e+04
1.569000000000000000e+04
1.588400000000000000e+04
1.595100000000000000e+04
1.623800000000000000e+04
1.606200000000000000e+04
1.599700000000000000e+04
1.645400000000000000e+04
1.650800000000000000e+04
1.660000000000000000e+04
1.649600000000000000e+04
1.649200000000000000e+04
1.691000000000000000e+04
1.710400000000000000e+04
1.685000000000000000e+04
1.654100000000000000e+04
1.663600000000000000e+04
1.620300000000000000e+04
1.611200000000000000e+04
1.611500000000000000e+04
1.628600000000000000e+04
1.660900000000000000e+04
1.707000000000000000e+04
1.729000000000000000e+04
1.734500000000000000e+04
1.753700000000000000e+04
1.795200000000000000e+04
1.806000000000000000e+04
1.783300000000000000e+04
1.807400000000000000e+04
1.824500000000000000e+04
1.831300000000000000e+04
1.807500000000000000e+04
1.794500000000000000e+04
1.839900000000000000e+04
1.865900000000000000e+04
1.844800000000000000e+04
1.823400000000000000e+04
1.783500000000000000e+04
1.796400000000000000e+04
1.822700000000000000e+04
1.845400000000000000e+04
1.819200000000000000e+04
1.821700000000000000e+04
1.851700000000000000e+04
1.871300000000000000e+04
1.856200000000000000e+04
1.867900000000000000e+04
1.890600000000000000e+04
1.872400000000000000e+04
1.857200000000000000e+04
1.881200000000000000e+04
1.911500000000000000e+04
1.905100000000000000e+04
1.898400000000000000e+04
1.902100000000000000e+04
1.885700000000000000e+04
1.926100000000000000e+04
1.937600000000000000e+04
1.972900000000000000e+04
1.982000000000000000e+04
2.000100000000000000e+04
1.996000000000000000e+04
2.018700000000000000e+04
2.052200000000000000e+04
2.062900000000000000e+04
2.058600000000000000e+04
2.057000000000000000e+04
2.092200000000000000e+04
2.093700000000000000e+04
2.136200000000000000e+04
2.139400000000000000e+04
2.145900000000000000e+04
2.151300000000000000e+04
2.138100000000000000e+04
2.084200000000000000e+04
2.131700000000000000e+04
2.150200000000000000e+04
2.167100000000000000e+04
2.163000000000000000e+04
2.191300000000000000e+04
2.182800000000000000e+04
2.204600000000000000e+04
2.231000000000000000e+04
2.244900000000000000e+04
2.353100000000000000e+04
2.397600000000000000e+04
2.389900000000000000e+04
2.371800000000000000e+04
2.408800000000000000e+04
2.432300000000000000e+04
2.451800000000000000e+04
2.400900000000000000e+04
2.339900000000000000e+04
2.324300000000000000e+04
2.349200000000000000e+04
2.372300000000000000e+04
2.367900000000000000e+04
2.329900000000000000e+04
2.351400000000000000e+04
2.434900000000000000e+04
2.447200000000000000e+04
2.446000000000000000e+04
2.385900000000000000e+04
2.261500000000000000e+04
2.186600000000000000e+04
2.228700000000000000e+04
2.271800000000000000e+04
2.190800000000000000e+04
2.196800000000000000e+04
2.249300000000000000e+04
2.221500000000000000e+04
2.324000000000000000e+04
2.337400000000000000e+04
2.323000000000000000e+04
2.250700000000000000e+04
2.252000000000000000e+04
2.266700000000000000e+04
2.199800000000000000e+04
2.134100000000000000e+04
2.173200000000000000e+04
2.160800000000000000e+04
2.175500000000000000e+04
2.252700000000000000e+04
2.271400000000000000e+04
2.280000000000000000e+04
2.275200000000000000e+04
2.293700000000000000e+04
2.337200000000000000e+04
2.309300000000000000e+04
2.267300000000000000e+04
2.174900000000000000e+04
2.179900000000000000e+04
2.183600000000000000e+04
2.164700000000000000e+04
2.203400000000000000e+04
2.241100000000000000e+04
2.247000000000000000e+04
2.224700000000000000e+04
2.183100000000000000e+04
2.131700000000000000e+04
2.132300000000000000e+04
2.165000000000000000e+04
2.181600000000000000e+04
2.204400000000000000e+04
2.225500000000000000e+04
2.276900000000000000e+04
2.303400000000000000e+04
2.326000000000000000e+04
2.317800000000000000e+04
2.306000000000000000e+04
2.273900000000000000e+04
2.297000000000000000e+04
2.299400000000000000e+04
2.261800000000000000e+04
2.231100000000000000e+04
2.193700000000000000e+04
2.186300000000000000e+04
2.166500000000000000e+04
2.118200000000000000e+04
2.162500000000000000e+04
2.177800000000000000e+04
2.171400000000000000e+04
2.137300000000000000e+04
2.075600000000000000e+04
2.017200000000000000e+04
1.977700000000000000e+04
2.019400000000000000e+04
2.034200000000000000e+04
2.001800000000000000e+04
1.918300000000000000e+04
1.861500000000000000e+04
1.858200000000000000e+04
1.874500000000000000e+04
1.861900000000000000e+04
1.895100000000000000e+04
1.860800000000000000e+04
1.861000000000000000e+04
1.912000000000000000e+04
1.868800000000000000e+04
1.838600000000000000e+04
1.867000000000000000e+04
1.886900000000000000e+04
1.907800000000000000e+04
1.976300000000000000e+04
1.999000000000000000e+04
1.976900000000000000e+04
1.961300000000000000e+04
1.992200000000000000e+04
1.977500000000000000e+04
1.990100000000000000e+04
2.048700000000000000e+04
2.052900000000000000e+04
2.029700000000000000e+04
1.997900000000000000e+04
1.983300000000000000e+04
2.004700000000000000e+04
2.051400000000000000e+04
2.069700000000000000e+04
2.045400000000000000e+04
2.065400000000000000e+04
2.035900000000000000e+04
2.083600000000000000e+04
2.106800000000000000e+04
2.093900000000000000e+04
2.089200000000000000e+04
2.083200000000000000e+04
2.118300000000000000e+04
2.139400000000000000e+04
2.174600000000000000e+04
2.177400000000000000e+04
2.166900000000000000e+04
2.136400000000000000e+04
2.116700000000000000e+04
2.156000000000000000e+04
2.175900000000000000e+04
2.209000000000000000e+04
2.219700000000000000e+04
2.267600000000000000e+04
2.251700000000000000e+04
2.242500000000000000e+04
2.251600000000000000e+04
2.193700000000000000e+04
2.210000000000000000e+04
2.193000000000000000e+04
2.181300000000000000e+04
2.221300000000000000e+04
2.236500000000000000e+04
2.253300000000000000e+04
2.249300000000000000e+04
2.260000000000000000e+04
2.252200000000000000e+04
2.224400000000000000e+04
2.170100000000000000e+04
2.174400000000000000e+04
2.173600000000000000e+04
2.173500000000000000e+04
2.172200000000000000e+04
2.170500000000000000e+04
2.182800000000000000e+04
2.215900000000000000e+04
2.277800000000000000e+04
2.328400000000000000e+04
2.338000000000000000e+04
2.324000000000000000e+04
2.311100000000000000e+04
2.316600000000000000e+04
2.304600000000000000e+04
2.280100000000000000e+04
2.286900000000000000e+04
2.307100000000000000e+04
2.297000000000000000e+04
2.276700000000000000e+04
2.276800000000000000e+04
2.253700000000000000e+04
2.297700000000000000e+04
2.262200000000000000e+04
2.229900000000000000e+04
2.222500000000000000e+04
2.234800000000000000e+04
2.257600000000000000e+04
2.289600000000000000e+04
2.319000000000000000e+04
2.348400000000000000e+04
2.326700000000000000e+04
2.320600000000000000e+04
2.300600000000000000e+04
2.311000000000000000e+04
2.298000000000000000e+04
2.327500000000000000e+04
2.328600000000000000e+04
2.342200000000000000e+04
2.377700000000000000e+04
2.417300000000000000e+04
2.436200000000000000e+04
2.420500000000000000e+04
2.414100000000000000e+04
2.434500000000000000e+04
2.409000000000000000e+04
2.406500000000000000e+04
2.328600000000000000e+04
2.342200000000000000e+04
2.344800000000000000e+04
2.362000000000000000e+04
2.292800000000000000e+04
2.311500000000000000e+04
2.332600000000000000e+04
2.273500000000000000e+04
2.284800000000000000e+04
2.322800000000000000e+04
2.317000000000000000e+04
2.308800000000000000e+04
2.330900000000000000e+04
2.377000000000000000e+04
2.396300000000000000e+04
2.400000000000000000e+04
2.354100000000000000e+04
2.330400000000000000e+04
2.347800000000000000e+04
2.352000000000000000e+04
2.403500000000000000e+04
2.403500000000000000e+04
2.428900000000000000e+04
2.432400000000000000e+04
2.436100000000000000e+04
2.450800000000000000e+04
2.468400000000000000e+04
2.464000000000000000e+04
2.487100000000000000e+04
2.507100000000000000e+04
2.508300000000000000e+04
2.516000000000000000e+04
2.538100000000000000e+04
2.535900000000000000e+04
2.560300000000000000e+04
2.570800000000000000e+04
2.566700000000000000e+04
2.504000000000000000e+04
2.505200000000000000e+04
2.495400000000000000e+04
2.525900000000000000e+04
2.556700000000000000e+04
2.591900000000000000e+04
2.587600000000000000e+04
2.583400000000000000e+04
2.577100000000000000e+04
2.589800000000000000e+04
2.607500000000000000e+04
2.597100000000000000e+04
2.608400000000000000e+04
2.614500000000000000e+04
2.624400000000000000e+04
2.626900000000000000e+04
2.649200000000000000e+04
2.587300000000000000e+04
2.500000000000000000e+04
2.480700000000000000e+04
2.487400000000000000e+04
2.482500000000000000e+04
2.445600000000000000e+04
2.456000000000000000e+04
2.491800000000000000e+04
2.496500000000000000e+04
2.502200000000000000e+04
2.451500000000000000e+04
2.446500000000000000e+04
2.427100000000000000e+04
2.400500000000000000e+04
2.430100000000000000e+04
2.455500000000000000e+04
2.452800000000000000e+04
2.405600000000000000e+04
2.439900000000000000e+04
2.450600000000000000e+04
2.462400000000000000e+04
2.489600000000000000e+04
2.573500000000000000e+04
2.631300000000000000e+04
2.645600000000000000e+04
2.678600000000000000e+04
2.675300000000000000e+04
2.665900000000000000e+04
2.668300000000000000e+04
2.715900000000000000e+04
2.718400000000000000e+04
2.709400000000000000e+04
2.732800000000000000e+04
2.719800000000000000e+04
2.843600000000000000e+04
2.877800000000000000e+04
2.855400000000000000e+04
2.813600000000000000e+04
2.819900000000000000e+04
2.876600000000000000e+04
2.922700000000000000e+04
2.958400000000000000e+04
2.945200000000000000e+04
2.905800000000000000e+04
2.868100000000000000e+04
2.893100000000000000e+04
2.813500000000000000e+04
2.830000000000000000e+04
2.784000000000000000e+04
2.816200000000000000e+04
2.817300000000000000e+04
2.763200000000000000e+04
2.784300000000000000e+04
2.679100000000000000e+04
2.682700000000000000e+04
2.670500000000000000e+04
2.661900000000000000e+04
2.646900000000000000e+04
2.676700000000000000e+04
2.717800000000000000e+04
2.676900000000000000e+04
2.672300000000000000e+04
2.625300000000000000e+04
2.630700000000000000e+04
2.630900000000000000e+04
2.594300000000000000e+04
2.632300000000000000e+04
2.657800000000000000e+04
2.611200000000000000e+04
2.511500000000000000e+04
2.496400000000000000e+04
2.556600000000000000e+04
2.569100000000000000e+04
2.542800000000000000e+04
2.529700000000000000e+04
2.556300000000000000e+04
2.529500000000000000e+04
2.523800000000000000e+04
2.485800000000000000e+04
2.490400000000000000e+04
2.492500000000000000e+04
2.555900000000000000e+04
2.569700000000000000e+04
2.580800000000000000e+04
2.562300000000000000e+04
2.553000000000000000e+04
2.483700000000000000e+04
2.492300000000000000e+04
2.425900000000000000e+04
2.438000000000000000e+04
2.451300000000000000e+04
2.496600000000000000e+04
2.488100000000000000e+04
2.483500000000000000e+04
2.458600000000000000e+04
2.458200000000000000e+04
2.468100000000000000e+04
2.527000000000000000e+04
2.561600000000000000e+04
2.563200000000000000e+04
2.599200000000000000e+04
2.675500000000000000e+04
2.669100000000000000e+04
2.636200000000000000e+04
2.555600000000000000e+04
2.542300000000000000e+04
2.470100000000000000e+04
2.504800000000000000e+04
2.530900000000000000e+04
2.578900000000000000e+04
2.574400000000000000e+04
2.589500000000000000e+04
2.626600000000000000e+04
2.614200000000000000e+04
2.613000000000000000e+04
2.575500000000000000e+04
2.570400000000000000e+04
2.501100000000000000e+04
2.530500000000000000e+04
2.545300000000000000e+04
2.545000000000000000e+04
2.527900000000000000e+04
2.540900000000000000e+04
2.531300000000000000e+04
2.505900000000000000e+04
2.467600000000000000e+04
2.460300000000000000e+04
2.465700000000000000e+04
2.503100000000000000e+04
2.557500000000000000e+04
2.604300000000000000e+04
2.614100000000000000e+04
2.591600000000000000e+04
2.541100000000000000e+04
2.531200000000000000e+04
2.579500000000000000e+04
2.596400000000000000e+04
2.584800000000000000e+04
2.538700000000000000e+04
2.489900000000000000e+04
2.536200000000000000e+04
2.612500000000000000e+04
2.630500000000000000e+04
2.645200000000000000e+04
2.682300000000000000e+04
2.731700000000000000e+04
2.695900000000000000e+04
2.688100000000000000e+04
2.698400000000000000e+04
2.729100000000000000e+04
2.760500000000000000e+04
2.751200000000000000e+04
2.695000000000000000e+04
2.741200000000000000e+04
2.769600000000000000e+04
2.751800000000000000e+04
2.741800000000000000e+04
2.718200000000000000e+04
2.728700000000000000e+04
2.726300000000000000e+04
2.686100000000000000e+04
2.740200000000000000e+04
2.742100000000000000e+04
2.743200000000000000e+04
2.761900000000000000e+04
2.807100000000000000e+04
2.823700000000000000e+04
2.834600000000000000e+04
2.857900000000000000e+04
2.885400000000000000e+04
2.895600000000000000e+04
2.938600000000000000e+04
2.933000000000000000e+04
2.919400000000000000e+04
2.915200000000000000e+04
2.956100000000000000e+04
2.986300000000000000e+04
3.007600000000000000e+04
3.036900000000000000e+04
3.088900000000000000e+04
3.093100000000000000e+04
3.137000000000000000e+04
3.156400000000000000e+04
3.121800000000000000e+04
3.140500000000000000e+04
3.152400000000000000e+04
3.158300000000000000e+04
3.198500000000000000e+04
3.205100000000000000e+04
3.127100000000000000e+04
3.024000000000000000e+04
3.021300000000000000e+04
3.050100000000000000e+04
3.077400000000000000e+04
3.056100000000000000e+04
3.025100000000000000e+04
3.037700000000000000e+04
3.045000000000000000e+04
2.955800000000000000e+04
2.997400000000000000e+04
2.917500000000000000e+04
2.983400000000000000e+04
3.009400000000000000e+04
2.997000000000000000e+04
2.984100000000000000e+04
2.956600000000000000e+04
3.025100000000000000e+04
3.098100000000000000e+04
3.148600000000000000e+04
3.123300000000000000e+04
3.136200000000000000e+04
3.107700000000000000e+04
3.123200000000000000e+04
3.072500000000000000e+04
3.074600000000000000e+04
3.051000000000000000e+04
3.051500000000000000e+04
3.124700000000000000e+04
3.117900000000000000e+04
3.129100000000000000e+04
3.149900000000000000e+04
3.201300000000000000e+04
3.212200000000000000e+04
3.205800000000000000e+04
3.235000000000000000e+04
3.176600000000000000e+04
3.191700000000000000e+04
3.270000000000000000e+04
3.293600000000000000e+04
3.290900000000000000e+04
3.333200000000000000e+04
3.327100000000000000e+04
3.299700000000000000e+04
3.297100000000000000e+04
3.329900000000000000e+04
3.343200000000000000e+04
3.383700000000000000e+04
3.379800000000000000e+04
3.357800000000000000e+04
3.349500000000000000e+04
3.313900000000000000e+04
3.355300000000000000e+04
3.365200000000000000e+04
3.357400000000000000e+04
3.343400000000000000e+04
3.363100000000000000e+04
3.346300000000000000e+04
3.345500000000000000e+04
3.351800000000000000e+04
3.456200000000000000e+04
3.522300000000000000e+04
3.508800000000000000e+04
3.552900000000000000e+04
3.560100000000000000e+04
3.533800000000000000e+04
3.595200000000000000e+04
3.628600000000000000e+04
3.595100000000000000e+04
3.653300000000000000e+04
3.653300000000000000e+04
3.611500000000000000e+04
3.697800000000000000e+04
3.693800000000000000e+04
3.677000000000000000e+04
3.742700000000000000e+04
3.803100000000000000e+04
3.880300000000000000e+04
3.827600000000000000e+04
3.845600000000000000e+04
3.850000000000000000e+04
3.850700000000000000e+04
3.760800000000000000e+04
3.777500000000000000e+04
3.737600000000000000e+04
3.678300000000000000e+04
3.717600000000000000e+04
3.781300000000000000e+04
3.707500000000000000e+04
3.673300000000000000e+04
3.744600000000000000e+04
3.826800000000000000e+04
3.864200000000000000e+04
3.867700000000000000e+04
3.897800000000000000e+04
3.863200000000000000e+04
3.852200000000000000e+04
3.861000000000000000e+04
3.920300000000000000e+04
3.936600000000000000e+04
3.935500000000000000e+04
3.939400000000000000e+04
3.835000000000000000e+04
3.742000000000000000e+04
3.773800000000000000e+04
3.716000000000000000e+04
3.725800000000000000e+04
3.754100000000000000e+04
3.834100000000000000e+04
3.857700000000000000e+04
3.826700000000000000e+04
3.850000000000000000e+04
3.820300000000000000e+04
3.785000000000000000e+04
3.812700000000000000e+04
3.777500000000000000e+04
3.789300000000000000e+04
3.773100000000000000e+04
3.749100000000000000e+04
3.808800000000000000e+04
3.800400000000000000e+04
3.885000000000000000e+04
3.908600000000000000e+04
3.905300000000000000e+04
3.931000000000000000e+04
3.939600000000000000e+04
3.892700000000000000e+04
3.888400000000000000e+04
3.844700000000000000e+04
3.847900000000000000e+04
3.869800000000000000e+04
3.958300000000000000e+04
4.002600000000000000e+04
4.027800000000000000e+04
4.008800000000000000e+04
3.995300000000000000e+04
4.042200000000000000e+04
4.040900000000000000e+04
4.042400000000000000e+04
4.101600000000000000e+04
4.106800000000000000e+04
4.125700000000000000e+04
4.144800000000000000e+04
4.169300000000000000e+04
4.201500000000000000e+04
4.198500000000000000e+04
4.206100000000000000e+04
4.086200000000000000e+04
4.020900000000000000e+04
3.995200000000000000e+04
3.941100000000000000e+04
3.859100000000000000e+04
3.846400000000000000e+04
3.773200000000000000e+04
3.756600000000000000e+04
3.634100000000000000e+04
3.756800000000000000e+04
3.862900000000000000e+04
3.873300000000000000e+04
3.814900000000000000e+04
3.721500000000000000e+04
3.774800000000000000e+04
3.843700000000000000e+04
3.797500000000000000e+04
3.673900000000000000e+04
3.677000000000000000e+04
3.560700000000000000e+04
3.618100000000000000e+04
3.526500000000000000e+04
3.358200000000000000e+04
3.347400000000000000e+04
3.454300000000000000e+04
3.466900000000000000e+04
3.415600000000000000e+04
3.460100000000000000e+04
3.471400000000000000e+04
3.486400000000000000e+04
3.487500000000000000e+04
3.501500000000000000e+04
3.483600000000000000e+04
3.648600000000000000e+04
3.703500000000000000e+04
3.740200000000000000e+04
3.760000000000000000e+04
3.736500000000000000e+04
3.699200000000000000e+04
3.679500000000000000e+04
3.642600000000000000e+04
3.658000000000000000e+04
3.674700000000000000e+04
3.622000000000000000e+04
3.565100000000000000e+04
3.546900000000000000e+04
3.531000000000000000e+04
3.678500000000000000e+04
3.704300000000000000e+04
3.614300000000000000e+04
3.628200000000000000e+04
3.670900000000000000e+04
3.695100000000000000e+04
3.711100000000000000e+04
3.752100000000000000e+04
3.739800000000000000e+04
3.708300000000000000e+04
3.748100000000000000e+04
3.768800000000000000e+04
3.817200000000000000e+04
3.787900000000000000e+04
3.808100000000000000e+04
3.808600000000000000e+04
3.742300000000000000e+04
3.750100000000000000e+04
3.718300000000000000e+04
3.741600000000000000e+04
3.769700000000000000e+04
3.802200000000000000e+04
3.758800000000000000e+04
3.754900000000000000e+04
3.725500000000000000e+04
3.668900000000000000e+04
3.587200000000000000e+04
3.612800000000000000e+04
3.638900000000000000e+04
3.661600000000000000e+04
3.652000000000000000e+04
3.660600000000000000e+04
3.732900000000000000e+04
3.773900000000000000e+04
3.769300000000000000e+04
3.736800000000000000e+04
3.672500000000000000e+04
3.656100000000000000e+04
3.614600000000000000e+04
3.672600000000000000e+04
3.668000000000000000e+04
3.646900000000000000e+04
3.666900000000000000e+04
3.648600000000000000e+04
3.606900000000000000e+04
3.533100000000000000e+04
3.489600000000000000e+04
3.505400000000000000e+04
3.582600000000000000e+04
3.611400000000000000e+04
3.648600000000000000e+04
3.657000000000000000e+04
3.731600000000000000e+04
3.705600000000000000e+04
3.777900000000000000e+04
3.820400000000000000e+04
3.797500000000000000e+04
3.862600000000000000e+04
3.877700000000000000e+04
3.865100000000000000e+04
3.917700000000000000e+04
3.926100000000000000e+04
3.922500000000000000e+04
3.944500000000000000e+04
3.893900000000000000e+04
3.895700000000000000e+04
3.922600000000000000e+04
3.955200000000000000e+04
3.972100000000000000e+04
3.984300000000000000e+04
3.974500000000000000e+04
3.934000000000000000e+04
3.926200000000000000e+04
4.010300000000000000e+04
4.048200000000000000e+04
4.125500000000000000e+04
4.140100000000000000e+04
4.134400000000000000e+04
4.181200000000000000e+04
4.094100000000000000e+04
4.072400000000000000e+04
4.134200000000000000e+04
4.178100000000000000e+04
4.116400000000000000e+04
4.157000000000000000e+04
4.195000000000000000e+04
4.230800000000000000e+04
4.207000000000000000e+04
4.175700000000000000e+04
4.108300000000000000e+04
4.198700000000000000e+04
4.217400000000000000e+04
4.209500000000000000e+04
4.265900000000000000e+04
4.326100000000000000e+04
4.342200000000000000e+04
4.350600000000000000e+04
4.330300000000000000e+04
4.343200000000000000e+04
4.329700000000000000e+04
4.339300000000000000e+04
4.379700000000000000e+04
4.426300000000000000e+04
4.404800000000000000e+04
4.358900000000000000e+04
4.394600000000000000e+04
4.368800000000000000e+04
4.360200000000000000e+04
4.361000000000000000e+04
4.452600000000000000e+04
4.467400000000000000e+04
4.538700000000000000e+04
4.537800000000000000e+04
4.444200000000000000e+04
4.408000000000000000e+04
4.292600000000000000e+04
4.300000000000000000e+04
4.233500000000000000e+04
4.312700000000000000e+04
4.318800000000000000e+04
4.347200000000000000e+04
4.291500000000000000e+04
4.292900000000000000e+04
4.340200000000000000e+04
4.342700000000000000e+04
4.387900000000000000e+04
4.424300000000000000e+04
4.480800000000000000e+04
4.468600000000000000e+04
4.443400000000000000e+04
4.406500000000000000e+04
4.464200000000000000e+04
4.521100000000000000e+04
4.520300000000000000e+04
4.528600000000000000e+04
4.548500000000000000e+04
4.542500000000000000e+04
4.489100000000000000e+04
4.505000000000000000e+04
4.446400000000000000e+04
4.519700000000000000e+04
4.610500000000000000e+04
4.617800000000000000e+04
4.596500000000000000e+04
4.609500000000000000e+04
4.675200000000000000e+04
4.651700000000000000e+04
4.645000000000000000e+04
4.619000000000000000e+04
4.392200000000000000e+04
4.388600000000000000e+04
4.351800000000000000e+04
4.236900000000000000e+04
4.321800000000000000e+04
4.339600000000000000e+04
4.372600000000000000e+04
4.417200000000000000e+04
4.440500000000000000e+04
4.424900000000000000e+04
4.328900000000000000e+04
4.357300000000000000e+04
4.356700000000000000e+04
4.371300000000000000e+04
4.435200000000000000e+04
4.563000000000000000e+04
4.594900000000000000e+04
4.575800000000000000e+04
4.571100000000000000e+04
4.564500000000000000e+04
4.520300000000000000e+04
4.556900000000000000e+04
4.580400000000000000e+04
4.580400000000000000e+04
4.648100000000000000e+04
4.669200000000000000e+04
4.676600000000000000e+04
4.723900000000000000e+04
4.723400000000000000e+04
4.757200000000000000e+04
4.738800000000000000e+04
4.796700000000000000e+04
4.902100000000000000e+04
4.915500000000000000e+04
4.933800000000000000e+04
4.883600000000000000e+04
4.945800000000000000e+04
4.947600000000000000e+04
4.925800000000000000e+04
4.981500000000000000e+04
4.985600000000000000e+04
4.923100000000000000e+04
4.948100000000000000e+04
4.963000000000000000e+04
5.031800000000000000e+04
5.089800000000000000e+04
5.061800000000000000e+04
5.036800000000000000e+04
5.136900000000000000e+04
5.129800000000000000e+04
5.108300000000000000e+04
5.106600000000000000e+04
5.104100000000000000e+04
5.173700000000000000e+04
5.195800000000000000e+04
5.208800000000000000e+04
5.269100000000000000e+04
5.256000000000000000e+04
5.250500000000000000e+04
5.189000000000000000e+04
5.163200000000000000e+04
5.220800000000000000e+04
5.254400000000000000e+04
5.259500000000000000e+04
5.287700000000000000e+04
5.342200000000000000e+04
5.342200000000000000e+04
5.327000000000000000e+04
5.316200000000000000e+04
5.250000000000000000e+04
5.295100000000000000e+04
5.277500000000000000e+04
5.322600000000000000e+04
5.379700000000000000e+04
5.472500000000000000e+04
5.499900000000000000e+04
5.479700000000000000e+04
5.500300000000000000e+04
5.484400000000000000e+04
5.464300000000000000e+04
5.460400000000000000e+04
5.441200000000000000e+04
5.416300000000000000e+04
5.464800000000000000e+04
5.478300000000000000e+04
5.538600000000000000e+04
5.578200000000000000e+04
5.600000000000000000e+04
5.593200000000000000e+04
5.644300000000000000e+04
5.654300000000000000e+04
5.649400000000000000e+04
5.767600000000000000e+04
5.798200000000000000e+04
5.766500000000000000e+04
5.779900000000000000e+04
5.766000000000000000e+04
5.829200000000000000e+04
5.812500000000000000e+04
5.807000000000000000e+04
5.805600000000000000e+04
5.640900000000000000e+04
5.599800000000000000e+04
5.440700000000000000e+04
5.478900000000000000e+04
5.566200000000000000e+04
5.423300000000000000e+04
5.495900000000000000e+04
5.472500000000000000e+04
5.320700000000000000e+04
5.411200000000000000e+04
5.561500000000000000e+04
5.521300000000000000e+04
5.343000000000000000e+04
5.366900000000000000e+04
5.294400000000000000e+04
5.128500000000000000e+04
4.928000000000000000e+04
4.958800000000000000e+04
4.957300000000000000e+04
5.006400000000000000e+04
5.174900000000000000e+04
5.235000000000000000e+04
5.299700000000000000e+04
5.339500000000000000e+04
5.307100000000000000e+04
5.280900000000000000e+04
5.364400000000000000e+04
5.471400000000000000e+04
5.499700000000000000e+04
5.556600000000000000e+04
5.524300000000000000e+04
5.509300000000000000e+04
5.455400000000000000e+04
5.395300000000000000e+04
5.462100000000000000e+04
5.508600000000000000e+04
5.546500000000000000e+04
5.473300000000000000e+04
5.684400000000000000e+04
5.807900000000000000e+04
5.760900000000000000e+04
5.789900000000000000e+04
5.871900000000000000e+04
5.886100000000000000e+04
5.982500000000000000e+04
6.105200000000000000e+04
6.105400000000000000e+04
6.235500000000000000e+04
6.235600000000000000e+04
6.202000000000000000e+04
6.108000000000000000e+04
6.270400000000000000e+04
6.272400000000000000e+04
6.365800000000000000e+04
6.356500000000000000e+04
6.416800000000000000e+04
6.384100000000000000e+04
6.296400000000000000e+04
6.319300000000000000e+04
6.332200000000000000e+04
6.334800000000000000e+04
6.137800000000000000e+04
6.277300000000000000e+04
6.281500000000000000e+04
6.320600000000000000e+04
6.431900000000000000e+04
6.567000000000000000e+04
6.514700000000000000e+04
6.594800000000000000e+04
6.531600000000000000e+04
6.404900000000000000e+04
6.452300000000000000e+04
6.460200000000000000e+04
6.528200000000000000e+04
6.528100000000000000e+04
6.432000000000000000e+04
6.293200000000000000e+04
6.489500000000000000e+04
6.480100000000000000e+04
6.460900000000000000e+04
6.233500000000000000e+04
6.110100000000000000e+04
6.133400000000000000e+04
6.155900000000000000e+04
5.997100000000000000e+04
6.185700000000000000e+04
6.319000000000000000e+04
6.370100000000000000e+04
6.368100000000000000e+04
6.372200000000000000e+04
6.520300000000000000e+04
6.579000000000000000e+04
6.652800000000000000e+04
6.587300000000000000e+04
6.645000000000000000e+04
6.617100000000000000e+04
6.473500000000000000e+04
6.345400000000000000e+04
6.244400000000000000e+04
6.142100000000000000e+04
6.173300000000000000e+04
6.246600000000000000e+04
6.339700000000000000e+04
6.430400000000000000e+04
6.458300000000000000e+04
6.412300000000000000e+04
6.390600000000000000e+04
6.312900000000000000e+04
6.343600000000000000e+04
6.150500000000000000e+04
6.265000000000000000e+04
6.267300000000000000e+04
6.361400000000000000e+04
6.351400000000000000e+04
6.253600000000000000e+04
6.217900000000000000e+04
5.990500000000000000e+04
5.964300000000000000e+04
5.829000000000000000e+04
5.750300000000000000e+04
5.654000000000000000e+04
5.609800000000000000e+04
5.767400000000000000e+04
5.872100000000000000e+04
5.971400000000000000e+04
6.028900000000000000e+04
6.028700000000000000e+04
6.118600000000000000e+04
6.107600000000000000e+04
5.958100000000000000e+04
5.951900000000000000e+04
6.080500000000000000e+04
6.282700000000000000e+04
6.300100000000000000e+04
6.322400000000000000e+04
6.180300000000000000e+04
6.288300000000000000e+04
6.358900000000000000e+04
6.378000000000000000e+04
6.463100000000000000e+04
6.460800000000000000e+04
6.501200000000000000e+04
6.539900000000000000e+04
6.596800000000000000e+04
6.600500000000000000e+04
6.555200000000000000e+04
6.464300000000000000e+04
6.453000000000000000e+04
6.504400000000000000e+04
6.467600000000000000e+04
6.297200000000000000e+04
6.192300000000000000e+04
6.236700000000000000e+04
6.303600000000000000e+04
6.241200000000000000e+04
6.302700000000000000e+04
6.198700000000000000e+04
6.193200000000000000e+04
6.237200000000000000e+04
5.916900000000000000e+04
6.108300000000000000e+04
6.161600000000000000e+04
6.184800000000000000e+04
6.219900000000000000e+04
6.106100000000000000e+04
6.098200000000000000e+04
6.278700000000000000e+04
6.381600000000000000e+04
6.473100000000000000e+04
6.462900000000000000e+04
6.540900000000000000e+04
6.483200000000000000e+04
6.462000000000000000e+04
6.364500000000000000e+04
6.352500000000000000e+04
6.273300000000000000e+04
6.282400000000000000e+04
6.431400000000000000e+04
6.494400000000000000e+04
6.538400000000000000e+04
6.568900000000000000e+04
6.568900000000000000e+04
6.508600000000000000e+04
6.525200000000000000e+04
6.602500000000000000e+04
6.567700000000000000e+04
6.803700000000000000e+04
7.097300000000000000e+04
7.043400000000000000e+04
7.021500000000000000e+04
7.054500000000000000e+04
6.987600000000000000e+04
6.972100000000000000e+04
7.042000000000000000e+04
7.108400000000000000e+04
7.096600000000000000e+04
7.149200000000000000e+04
7.276600000000000000e+04
7.379400000000000000e+04
7.352200000000000000e+04
7.377900000000000000e+04
7.229500000000000000e+04
7.198800000000000000e+04
7.165900000000000000e+04
7.317900000000000000e+04
7.392000000000000000e+04
7.286100000000000000e+04
7.259200000000000000e+04
7.201800000000000000e+04
7.001100000000000000e+04
7.124700000000000000e+04
7.121000000000000000e+04
6.998900000000000000e+04
6.927500000000000000e+04
6.806100000000000000e+04
6.795800000000000000e+04
6.788400000000000000e+04
6.761700000000000000e+04
6.902800000000000000e+04
6.843000000000000000e+04
6.733800000000000000e+04
6.661000000000000000e+04
6.540000000000000000e+04
6.508300000000000000e+04
6.630700000000000000e+04
6.580400000000000000e+04
6.462300000000000000e+04
6.535200000000000000e+04
6.501700000000000000e+04
6.394400000000000000e+04
6.160000000000000000e+04
5.977800000000000000e+04
6.079400000000000000e+04
5.953500000000000000e+04
6.058800000000000000e+04
6.105300000000000000e+04
6.130500000000000000e+04
6.167800000000000000e+04
6.218300000000000000e+04
6.260600000000000000e+04
6.129800000000000000e+04
6.127500000000000000e+04
6.077900000000000000e+04
6.024200000000000000e+04
5.964000000000000000e+04
5.771000000000000000e+04
5.817500000000000000e+04
5.804200000000000000e+04
5.999700000000000000e+04
6.002200000000000000e+04
5.950500000000000000e+04
5.764100000000000000e+04
5.697400000000000000e+04
5.781200000000000000e+04
5.794100000000000000e+04
5.714600000000000000e+04
5.697300000000000000e+04
5.535500000000000000e+04
5.549100000000000000e+04
5.572500000000000000e+04
5.530600000000000000e+04
5.492800000000000000e+04
5.432800000000000000e+04
5.554500000000000000e+04
5.614400000000000000e+04
5.643000000000000000e+04
5.590600000000000000e+04
5.508800000000000000e+04
5.559100000000000000e+04
5.652300000000000000e+04
5.685600000000000000e+04
5.566500000000000000e+04
5.541200000000000000e+04
5.524100000000000000e+04
5.374900000000000000e+04
5.193900000000000000e+04
5.370600000000000000e+04
5.071000000000000000e+04
4.995600000000000000e+04
5.127000000000000000e+04
5.259000000000000000e+04
5.238500000000000000e+04
4.931200000000000000e+04
4.921800000000000000e+04
4.900200000000000000e+04
5.316800000000000000e+04
5.345500000000000000e+04
5.185600000000000000e+04
5.074700000000000000e+04
5.186600000000000000e+04
5.182400000000000000e+04
5.074200000000000000e+04
4.954100000000000000e+04
4.983300000000000000e+04
4.980500000000000000e+04
4.807500000000000000e+04
4.450200000000000000e+04
4.316600000000000000e+04
4.043900000000000000e+04
4.047800000000000000e+04
3.707900000000000000e+04
4.082900000000000000e+04
4.375300000000000000e+04
4.156700000000000000e+04
3.739300000000000000e+04
3.834100000000000000e+04
3.945300000000000000e+04
3.997900000000000000e+04
3.904200000000000000e+04
3.577600000000000000e+04
3.380900000000000000e+04
3.147900000000000000e+04
3.338600000000000000e+04
3.576500000000000000e+04
3.758900000000000000e+04
3.794400000000000000e+04
3.854500000000000000e+04
4.100200000000000000e+04
4.024500000000000000e+04
3.778500000000000000e+04
3.771600000000000000e+04
3.872400000000000000e+04
3.762800000000000000e+04
3.726100000000000000e+04
3.624400000000000000e+04
3.669600000000000000e+04
3.637200000000000000e+04
3.569800000000000000e+04
3.478500000000000000e+04
3.340200000000000000e+04
3.438100000000000000e+04
3.553100000000000000e+04
3.687700000000000000e+04
3.681700000000000000e+04
3.721600000000000000e+04
3.659500000000000000e+04
3.573400000000000000e+04
3.547600000000000000e+04
3.594300000000000000e+04
3.543400000000000000e+04
3.842600000000000000e+04
3.886300000000000000e+04
3.974800000000000000e+04
3.987900000000000000e+04
3.937300000000000000e+04
3.973500000000000000e+04
3.999300000000000000e+04
4.036100000000000000e+04
4.049700000000000000e+04
3.978400000000000000e+04
3.945100000000000000e+04
3.800400000000000000e+04
3.713500000000000000e+04
3.763100000000000000e+04
3.778200000000000000e+04
4.026400000000000000e+04
4.188900000000000000e+04
4.236300000000000000e+04
4.230800000000000000e+04
4.199000000000000000e+04
4.252500000000000000e+04
4.158400000000000000e+04
4.032200000000000000e+04
3.956900000000000000e+04
3.919600000000000000e+04
3.990400000000000000e+04
3.957000000000000000e+04
3.917400000000000000e+04
3.854200000000000000e+04
3.884400000000000000e+04
3.866000000000000000e+04
3.906500000000000000e+04
3.902400000000000000e+04
4.043800000000000000e+04
4.022800000000000000e+04
4.027300000000000000e+04
3.936300000000000000e+04
3.976500000000000000e+04
4.149000000000000000e+04
4.137300000000000000e+04
4.287200000000000000e+04
4.344100000000000000e+04
4.281900000000000000e+04
4.203200000000000000e+04
4.108200000000000000e+04
4.183300000000000000e+04
4.184100000000000000e+04
4.183700000000000000e+04
4.043400000000000000e+04
4.043300000000000000e+04
3.972400000000000000e+04
3.893300000000000000e+04
3.921800000000000000e+04
3.880000000000000000e+04
3.817900000000000000e+04
3.708400000000000000e+04
3.855400000000000000e+04
3.839100000000000000e+04
3.830800000000000000e+04
3.746400000000000000e+04
3.880300000000000000e+04
3.931000000000000000e+04
3.930400000000000000e+04
3.970700000000000000e+04
3.971200000000000000e+04
3.951000000000000000e+04
4.055100000000000000e+04
4.113600000000000000e+04
4.105300000000000000e+04
4.250800000000000000e+04
4.243800000000000000e+04
4.262200000000000000e+04
4.267900000000000000e+04
4.258800000000000000e+04
4.190800000000000000e+04
4.160900000000000000e+04
4.200400000000000000e+04
4.428600000000000000e+04
4.461000000000000000e+04
4.438500000000000000e+04
4.447100000000000000e+04
4.438900000000000000e+04
4.570200000000000000e+04
4.617800000000000000e+04
4.659100000000000000e+04
4.545300000000000000e+04
4.621100000000000000e+04
4.618700000000000000e+04
4.577800000000000000e+04
4.536900000000000000e+04
4.580300000000000000e+04
4.694600000000000000e+04
4.677100000000000000e+04
4.613700000000000000e+04
4.741000000000000000e+04
4.812500000000000000e+04
5.040400000000000000e+04
5.090900000000000000e+04
5.209500000000000000e+04
5.207800000000000000e+04
5.139500000000000000e+04
5.138800000000000000e+04
5.156400000000000000e+04
5.031600000000000000e+04
4.946000000000000000e+04
4.955200000000000000e+04
5.148900000000000000e+04
5.214500000000000000e+04
5.264000000000000000e+04
5.124400000000000000e+04
5.089300000000000000e+04
5.096800000000000000e+04
5.193300000000000000e+04
5.309200000000000000e+04
5.304000000000000000e+04
5.380500000000000000e+04
5.485700000000000000e+04
5.495500000000000000e+04
5.400000000000000000e+04
5.346300000000000000e+04
5.462600000000000000e+04
5.390400000000000000e+04
5.410200000000000000e+04
5.404700000000000000e+04
5.393500000000000000e+04
5.355800000000000000e+04
5.249300000000000000e+04
5.119600000000000000e+04
5.127500000000000000e+04
5.166500000000000000e+04
5.136600000000000000e+04
4.990200000000000000e+04
5.075800000000000000e+04
5.151400000000000000e+04
5.193400000000000000e+04
5.227500000000000000e+04
5.243500000000000000e+04
5.238200000000000000e+04
5.153800000000000000e+04
5.116700000000000000e+04
5.093100000000000000e+04
5.062100000000000000e+04
4.984500000000000000e+04
4.932600000000000000e+04
4.964300000000000000e+04
4.964600000000000000e+04
5.148800000000000000e+04
5.233800000000000000e+04
5.235200000000000000e+04
5.326200000000000000e+04
5.371500000000000000e+04
5.366300000000000000e+04
5.462800000000000000e+04
5.460000000000000000e+04
5.488500000000000000e+04
5.454600000000000000e+04
5.446900000000000000e+04
5.508300000000000000e+04
5.497900000000000000e+04
5.620000000000000000e+04
5.665600000000000000e+04
5.658500000000000000e+04
5.678000000000000000e+04
5.664300000000000000e+04
5.683000000000000000e+04
5.681600000000000000e+04
5.669600000000000000e+04
5.736600000000000000e+04
5.718900000000000000e+04
5.663500000000000000e+04
5.589100000000000000e+04
5.621100000000000000e+04
5.689600000000000000e+04
5.778200000000000000e+04
5.863300000000000000e+04
5.831100000000000000e+04
5.779100000000000000e+04
5.787700000000000000e+04
5.813500000000000000e+04
5.769700000000000000e+04
5.700100000000000000e+04
5.594800000000000000e+04
5.588700000000000000e+04
5.672800000000000000e+04
5.785400000000000000e+04
5.808900000000000000e+04
5.853800000000000000e+04
5.883300000000000000e+04
5.886700000000000000e+04
5.940100000000000000e+04
6.052600000000000000e+04
6.102700000000000000e+04
6.070900000000000000e+04
6.106500000000000000e+04
6.201700000000000000e+04
6.163000000000000000e+04
6.097700000000000000e+04
6.047100000000000000e+04
6.131600000000000000e+04
6.159900000000000000e+04
6.192600000000000000e+04
6.151800000000000000e+04
6.133200000000000000e+04
6.245900000000000000e+04
6.329100000000000000e+04
6.301500000000000000e+04
6.381600000000000000e+04
6.417700000000000000e+04
6.464500000000000000e+04
6.639300000000000000e+04
6.670300000000000000e+04
6.670300000000000000e+04
6.752900000000000000e+04
6.723000000000000000e+04
6.715700000000000000e+04
6.650200000000000000e+04
6.698200000000000000e+04
6.590100000000000000e+04
6.549700000000000000e+04
6.317300000000000000e+04
6.390600000000000000e+04
6.422600000000000000e+04
6.323700000000000000e+04
6.414200000000000000e+04
6.482900000000000000e+04
6.509300000000000000e+04
6.623500000000000000e+04
6.670800000000000000e+04
6.717000000000000000e+04
6.661300000000000000e+04
6.578800000000000000e+04
6.689600000000000000e+04
6.740900000000000000e+04
6.805900000000000000e+04
6.656400000000000000e+04
6.736500000000000000e+04
6.731700000000000000e+04
6.799700000000000000e+04
6.791100000000000000e+04
6.708500000000000000e+04
6.754500000000000000e+04
6.875700000000000000e+04
6.913900000000000000e+04
6.933600000000000000e+04
6.936100000000000000e+04
6.886600000000000000e+04
6.851000000000000000e+04
6.827100000000000000e+04
6.891200000000000000e+04
6.950200000000000000e+04
6.978500000000000000e+04
6.951400000000000000e+04
6.962200000000000000e+04
6.861800000000000000e+04
6.728100000000000000e+04
6.767000000000000000e+04
6.742100000000000000e+04
6.781000000000000000e+04
6.827700000000000000e+04
6.830800000000000000e+04
6.858800000000000000e+04
7.008000000000000000e+04
7.059400000000000000e+04
7.093600000000000000e+04
7.072200000000000000e+04
7.076500000000000000e+04
7.106800000000000000e+04
7.042800000000000000e+04
7.062600000000000000e+04
7.050800000000000000e+04
6.978700000000000000e+04
6.974800000000000000e+04
7.003600000000000000e+04
6.990100000000000000e+04
6.845800000000000000e+04
6.666000000000000000e+04
6.621200000000000000e+04
6.566300000000000000e+04
6.604900000000000000e+04
6.657500000000000000e+04
6.676300000000000000e+04
6.732000000000000000e+04
6.734600000000000000e+04
6.710000000000000000e+04
6.400000000000000000e+04
6.392200000000000000e+04
6.552500000000000000e+04
6.516900000000000000e+04
6.614500000000000000e+04
6.612800000000000000e+04
6.754200000000000000e+04
6.783600000000000000e+04
6.793500000000000000e+04
6.811900000000000000e+04
6.717800000000000000e+04
6.651300000000000000e+04
6.632400000000000000e+04
6.651000000000000000e+04
6.739700000000000000e+04
6.824900000000000000e+04
6.881300000000000000e+04
6.819700000000000000e+04
6.893000000000000000e+04
6.907000000000000000e+04
7.014300000000000000e+04
7.047600000000000000e+04
7.018300000000000000e+04
7.048600000000000000e+04
6.938400000000000000e+04
6.994800000000000000e+04
7.042300000000000000e+04
7.012700000000000000e+04
6.999800000000000000e+04
6.912100000000000000e+04
6.961200000000000000e+04
6.967700000000000000e+04
6.957100000000000000e+04
6.890900000000000000e+04
6.994200000000000000e+04
7.045000000000000000e+04
7.039100000000000000e+04
7.140100000000000000e+04
7.164500000000000000e+04
7.171100000000000000e+04
7.125700000000000000e+04
7.180500000000000000e+04
7.198900000000000000e+04
7.160600000000000000e+04
7.105300000000000000e+04
7.120700000000000000e+04
7.106500000000000000e+04
7.052100000000000000e+04
6.943100000000000000e+04
6.970100000000000000e+04
6.952700000000000000e+04
6.970900000000000000e+04
6.981000000000000000e+04
6.886800000000000000e+04
6.725300000000000000e+04
6.801200000000000000e+04
6.797500000000000000e+04
6.796800000000000000e+04
6.711600000000000000e+04
6.561100000000000000e+04
6.553300000000000000e+04
6.394500000000000000e+04
6.608300000000000000e+04
6.573200000000000000e+04
6.535100000000000000e+04
6.542700000000000000e+04
6.478600000000000000e+04
6.359300000000000000e+04
6.352900000000000000e+04
6.084900000000000000e+04
5.968400000000000000e+04
6.030200000000000000e+04
6.084900000000000000e+04
5.991100000000000000e+04
6.070100000000000000e+04
6.226100000000000000e+04
6.224600000000000000e+04
6.304600000000000000e+04
6.303300000000000000e+04
6.319700000000000000e+04
6.294000000000000000e+04
6.211800000000000000e+04
6.200000000000000000e+04
6.268400000000000000e+04
6.314600000000000000e+04
6.376600000000000000e+04
6.429500000000000000e+04
6.455400000000000000e+04
6.509700000000000000e+04
6.518200000000000000e+04
6.494000000000000000e+04
6.551600000000000000e+04
6.583000000000000000e+04
6.516000000000000000e+04
6.515300000000000000e+04
6.486800000000000000e+04
6.510400000000000000e+04
6.421500000000000000e+04
6.264400000000000000e+04
6.138100000000000000e+04
6.181100000000000000e+04
6.166700000000000000e+04
6.245000000000000000e+04
6.331300000000000000e+04
6.359500000000000000e+04
6.397200000000000000e+04
6.377700000000000000e+04
6.368700000000000000e+04
6.361200000000000000e+04
6.349200000000000000e+04
6.329900000000000000e+04
6.448100000000000000e+04
6.513600000000000000e+04
6.621200000000000000e+04
6.632200000000000000e+04
6.661800000000000000e+04
6.710200000000000000e+04
6.705000000000000000e+04
6.742800000000000000e+04
6.760800000000000000e+04
6.875300000000000000e+04
6.856000000000000000e+04
6.853400000000000000e+04
6.847000000000000000e+04
6.850800000000000000e+04
6.851200000000000000e+04
6.783600000000000000e+04
6.721600000000000000e+04
6.602700000000000000e+04
6.658900000000000000e+04
6.686700000000000000e+04
6.766500000000000000e+04
6.774500000000000000e+04
6.771200000000000000e+04
6.689100000000000000e+04
6.717500000000000000e+04
6.594600000000000000e+04
6.515600000000000000e+04
6.527000000000000000e+04
6.558900000000000000e+04
6.558500000000000000e+04
6.518100000000000000e+04
6.707200000000000000e+04
6.716700000000000000e+04
6.767200000000000000e+04
6.694900000000000000e+04
6.673900000000000000e+04
6.680600000000000000e+04
6.691900000000000000e+04
6.814100000000000000e+04
6.809200000000000000e+04
6.810700000000000000e+04
6.810200000000000000e+04
6.777300000000000000e+04
6.824100000000000000e+04
6.825500000000000000e+04
6.854900000000000000e+04
6.960000000000000000e+04
6.957100000000000000e+04
6.892600000000000000e+04
6.943100000000000000e+04
6.941900000000000000e+04
6.973600000000000000e+04
7.024200000000000000e+04
7.055100000000000000e+04
7.128500000000000000e+04
7.129000000000000000e+04
7.073800000000000000e+04
7.082700000000000000e+04
7.111000000000000000e+04
7.199400000000000000e+04
7.196100000000000000e+04
7.213900000000000000e+04
7.188400000000000000e+04
7.173400000000000000e+04
7.072000000000000000e+04
7.095800000000000000e+04
7.031100000000000000e+04
7.023000000000000000e+04
7.083300000000000000e+04
7.084400000000000000e+04
7.126200000000000000e+04
7.077500000000000000e+04
7.175100000000000000e+04
7.210900000000000000e+04
7.310300000000000000e+04
7.298700000000000000e+04
7.287500000000000000e+04
7.304400000000000000e+04
7.185400000000000000e+04
7.163800000000000000e+04
7.119100000000000000e+04
7.036400000000000000e+04
7.007900000000000000e+04
7.090400000000000000e+04
7.089700000000000000e+04
7.089700000000000000e+04
6.962800000000000000e+04
6.974500000000000000e+04
6.978000000000000000e+04
6.934900000000000000e+04
6.842100000000000000e+04
6.847600000000000000e+04
6.960500000000000000e+04
6.994200000000000000e+04
6.996300000000000000e+04
6.993100000000000000e+04
7.058900000000000000e+04
6.935300000000000000e+04
6.856100000000000000e+04
6.851400000000000000e+04
6.922100000000000000e+04
6.912600000000000000e+04
6.874000000000000000e+04
6.837600000000000000e+04
6.798100000000000000e+04
6.819600000000000000e+04
6.846100000000000000e+04
6.847100000000000000e+04
6.856100000000000000e+04
6.847600000000000000e+04
6.810400000000000000e+04
6.903900000000000000e+04
6.952700000000000000e+04
7.047000000000000000e+04
7.031700000000000000e+04
7.117200000000000000e+04
7.116700000000000000e+04
7.078200000000000000e+04
7.013300000000000000e+04
7.064700000000000000e+04
7.163200000000000000e+04
7.192300000000000000e+04
7.118400000000000000e+04
7.093900000000000000e+04
7.109300000000000000e+04
7.118900000000000000e+04
7.008300000000000000e+04
7.002600000000000000e+04
6.951200000000000000e+04
6.955600000000000000e+04
6.910700000000000000e+04
6.818100000000000000e+04
6.716500000000000000e+04
6.792100000000000000e+04
6.801100000000000000e+04
6.684800000000000000e+04
6.694600000000000000e+04
6.589200000000000000e+04
6.623700000000000000e+04
6.576700000000000000e+04
6.510600000000000000e+04
6.589000000000000000e+04
6.674300000000000000e+04
6.686000000000000000e+04
6.779300000000000000e+04
6.787500000000000000e+04
6.822500000000000000e+04
6.806600000000000000e+04
6.756900000000000000e+04
6.726500000000000000e+04
6.734300000000000000e+04
6.763200000000000000e+04
6.745800000000000000e+04
6.770800000000000000e+04
6.728100000000000000e+04
6.818800000000000000e+04
6.821900000000000000e+04
6.805600000000000000e+04
6.725500000000000000e+04
6.701400000000000000e+04
6.733300000000000000e+04
6.716700000000000000e+04
6.750200000000000000e+04
6.695000000000000000e+04
6.738400000000000000e+04
6.767500000000000000e+04
6.763000000000000000e+04
6.791700000000000000e+04
6.800800000000000000e+04
6.825600000000000000e+04
6.807000000000000000e+04
6.786200000000000000e+04
6.800300000000000000e+04
6.860600000000000000e+04
6.938700000000000000e+04
6.978700000000000000e+04
7.004600000000000000e+04
7.010700000000000000e+04
6.933300000000000000e+04
6.942900000000000000e+04
6.917600000000000000e+04
6.815300000000000000e+04
6.741000000000000000e+04
6.704100000000000000e+04
6.676500000000000000e+04
6.670500000000000000e+04
6.625600000000000000e+04
6.707600000000000000e+04
6.712400000000000000e+04
6.741300000000000000e+04
6.722800000000000000e+04
6.624900000000000000e+04
6.629300000000000000e+04
6.650000000000000000e+04
6.546800000000000000e+04
6.480700000000000000e+04
6.426700000000000000e+04
6.470300000000000000e+04
6.478100000000000000e+04
6.514300000000000000e+04
6.487600000000000000e+04
6.432800000000000000e+04
6.416500000000000000e+04
6.382800000000000000e+04
6.368000000000000000e+04
6.401500000000000000e+04
6.360700000000000000e+04
6.304300000000000000e+04
6.259600000000000000e+04
6.341400000000000000e+04
6.385700000000000000e+04
6.412100000000000000e+04
6.454800000000000000e+04
6.446000000000000000e+04
6.462000000000000000e+04
6.467300000000000000e+04
6.421800000000000000e+04
6.497800000000000000e+04
6.451200000000000000e+04
6.378400000000000000e+04
6.335300000000000000e+04
6.377200000000000000e+04
6.347800000000000000e+04
6.296700000000000000e+04
6.269700000000000000e+04
6.219800000000000000e+04
6.204000000000000000e+04
6.126800000000000000e+04
6.157100000000000000e+04
6.154200000000000000e+04
6.185800000000000000e+04
6.145800000000000000e+04
6.145600000000000000e+04
6.230800000000000000e+04
6.262400000000000000e+04
6.257400000000000000e+04
6.345400000000000000e+04
6.389100000000000000e+04
6.388600000000000000e+04
6.303800000000000000e+04
6.320600000000000000e+04
6.220600000000000000e+04
6.150100000000000000e+04
6.051600000000000000e+04
6.084600000000000000e+04
6.068400000000000000e+04
6.010400000000000000e+04
5.947900000000000000e+04
5.939400000000000000e+04
5.955100000000000000e+04
6.044100000000000000e+04
6.069600000000000000e+04
6.028500000000000000e+04
6.020400000000000000e+04
5.933600000000000000e+04
5.916600000000000000e+04
5.895200000000000000e+04
5.954100000000000000e+04
5.867300000000000000e+04
5.735200000000000000e+04
5.599900000000000000e+04
5.386500000000000000e+04
5.293800000000000000e+04
5.115000000000000000e+04
5.216300000000000000e+04
5.372300000000000000e+04
5.364200000000000000e+04
5.496700000000000000e+04
5.465100000000000000e+04
5.507300000000000000e+04
5.503600000000000000e+04
5.360100000000000000e+04
5.355200000000000000e+04
5.378600000000000000e+04
5.427900000000000000e+04
5.415500000000000000e+04
5.359700000000000000e+04
5.502600000000000000e+04
5.576800000000000000e+04
5.649500000000000000e+04
5.858900000000000000e+04
5.811300000000000000e+04
5.652000000000000000e+04
5.667600000000000000e+04
5.824100000000000000e+04
5.761400000000000000e+04
5.579200000000000000e+04
5.633600000000000000e+04
5.677600000000000000e+04
5.716100000000000000e+04
5.721000000000000000e+04
5.720800000000000000e+04
5.761900000000000000e+04
5.759900000000000000e+04
5.598000000000000000e+04
5.385500000000000000e+04
5.387200000000000000e+04
5.499200000000000000e+04
5.479600000000000000e+04
5.420700000000000000e+04
5.338400000000000000e+04
5.231900000000000000e+04
5.078900000000000000e+04
5.119800000000000000e+04
5.272800000000000000e+04
5.289100000000000000e+04
5.329300000000000000e+04
5.411300000000000000e+04
5.475100000000000000e+04
5.517900000000000000e+04
5.502100000000000000e+04
5.522400000000000000e+04
5.524400000000000000e+04
5.495300000000000000e+04
5.550400000000000000e+04
5.722500000000000000e+04
5.688400000000000000e+04
5.733300000000000000e+04
5.990100000000000000e+04
5.966800000000000000e+04
5.951200000000000000e+04
5.830000000000000000e+04
5.848100000000000000e+04
5.880400000000000000e+04
5.944000000000000000e+04
5.961600000000000000e+04
5.901000000000000000e+04
5.831300000000000000e+04
5.874700000000000000e+04
5.871600000000000000e+04
5.887700000000000000e+04
5.855500000000000000e+04
5.747700000000000000e+04
5.672100000000000000e+04
5.657000000000000000e+04
5.587800000000000000e+04
5.551900000000000000e+04
5.560900000000000000e+04
5.644300000000000000e+04
5.636300000000000000e+04
5.759100000000000000e+04
5.830200000000000000e+04
5.897900000000000000e+04
5.924400000000000000e+04
5.957500000000000000e+04
5.953400000000000000e+04
5.921600000000000000e+04
5.854000000000000000e+04
5.823400000000000000e+04
5.815300000000000000e+04
5.749500000000000000e+04
5.733200000000000000e+04
5.682300000000000000e+04
5.637500000000000000e+04
5.686400000000000000e+04
5.686400000000000000e+04
5.745900000000000000e+04
5.779100000000000000e+04
5.785600000000000000e+04
5.811000000000000000e+04
5.801000000000000000e+04
5.694500000000000000e+04
5.799300000000000000e+04
5.928800000000000000e+04
5.951800000000000000e+04
5.935300000000000000e+04
5.926000000000000000e+04
5.922000000000000000e+04
6.011100000000000000e+04
6.009300000000000000e+04
6.050300000000000000e+04
5.991700000000000000e+04
5.998100000000000000e+04
6.089000000000000000e+04
6.172200000000000000e+04
6.218100000000000000e+04
6.231200000000000000e+04
6.269300000000000000e+04
6.253500000000000000e+04
6.380400000000000000e+04
6.326300000000000000e+04
6.290100000000000000e+04
6.339300000000000000e+04
6.456700000000000000e+04
6.485400000000000000e+04
6.561900000000000000e+04
6.522900000000000000e+04
6.594400000000000000e+04
6.638300000000000000e+04
6.632300000000000000e+04
6.552500000000000000e+04
6.571300000000000000e+04
6.585500000000000000e+04
6.600300000000000000e+04
6.616100000000000000e+04
6.656100000000000000e+04
6.629000000000000000e+04
6.632800000000000000e+04
6.633500000000000000e+04
6.595300000000000000e+04
6.615200000000000000e+04
6.666100000000000000e+04
6.693000000000000000e+04
6.779000000000000000e+04
6.778200000000000000e+04
6.696200000000000000e+04
6.605200000000000000e+04
6.727100000000000000e+04
6.741900000000000000e+04
6.668600000000000000e+04
6.841900000000000000e+04
6.896900000000000000e+04
6.825900000000000000e+04
6.815200000000000000e+04
6.815900000000000000e+04
6.772400000000000000e+04
6.743600000000000000e+04
6.686000000000000000e+04
6.625200000000000000e+04
6.677500000000000000e+04
6.696700000000000000e+04
6.603100000000000000e+04
6.507400000000000000e+04
6.536300000000000000e+04
6.559300000000000000e+04
6.553000000000000000e+04
6.430100000000000000e+04
6.429800000000000000e+04
6.369000000000000000e+04
6.292200000000000000e+04
6.235600000000000000e+04
6.306100000000000000e+04
6.303900000000000000e+04
6.268800000000000000e+04
6.296100000000000000e+04
6.324300000000000000e+04
6.327400000000000000e+04
6.336900000000000000e+04
6.249400000000000000e+04
6.200000000000000000e+04
6.244000000000000000e+04
6.228200000000000000e+04
6.248600000000000000e+04
6.190000000000000000e+04
6.250200000000000000e+04
6.278200000000000000e+04
6.216600000000000000e+04
6.129900000000000000e+04
6.121700000000000000e+04
6.034500000000000000e+04
6.075100000000000000e+04
6.034000000000000000e+04
5.944300000000000000e+04
5.802400000000000000e+04
5.769300000000000000e+04
5.629500000000000000e+04
5.491300000000000000e+04
5.667800000000000000e+04
5.658600000000000000e+04
5.505100000000000000e+04
5.481900000000000000e+04
5.497000000000000000e+04
5.560800000000000000e+04
5.576300000000000000e+04
5.463200000000000000e+04
5.450800000000000000e+04
5.448800000000000000e+04
5.395900000000000000e+04
5.391700000000000000e+04
5.419400000000000000e+04
5.443200000000000000e+04
5.540000000000000000e+04
5.504900000000000000e+04
5.598800000000000000e+04
5.576800000000000000e+04
5.610400000000000000e+04
5.657800000000000000e+04
5.756700000000000000e+04
5.761100000000000000e+04
5.721800000000000000e+04
5.601900000000000000e+04
5.540500000000000000e+04
5.419300000000000000e+04
5.400500000000000000e+04
5.330500000000000000e+04
5.435400000000000000e+04
5.475300000000000000e+04
5.622800000000000000e+04
5.632200000000000000e+04
5.694300000000000000e+04
5.637600000000000000e+04
5.558800000000000000e+04
5.413500000000000000e+04
5.361500000000000000e+04
5.442700000000000000e+04
5.441800000000000000e+04
5.403700000000000000e+04
5.458700000000000000e+04
5.549000000000000000e+04
5.533700000000000000e+04
5.418300000000000000e+04
5.341600000000000000e+04
5.323200000000000000e+04
5.412600000000000000e+04
5.704600000000000000e+04
5.724000000000000000e+04
5.746500000000000000e+04
5.673500000000000000e+04
5.628800000000000000e+04
5.739900000000000000e+04
5.899500000000000000e+04
5.931600000000000000e+04
5.896300000000000000e+04
5.920100000000000000e+04
5.936500000000000000e+04
5.954300000000000000e+04
5.960500000000000000e+04
5.837400000000000000e+04
5.954300000000000000e+04
5.982200000000000000e+04
5.946200000000000000e+04
6.020800000000000000e+04
5.958400000000000000e+04
5.938100000000000000e+04
5.875000000000000000e+04
5.846100000000000000e+04
5.874500000000000000e+04
5.855200000000000000e+04
5.750700000000000000e+04
5.783400000000000000e+04
5.745600000000000000e+04
5.727200000000000000e+04
5.690400000000000000e+04
5.832800000000000000e+04
5.942000000000000000e+04
5.951400000000000000e+04
6.013500000000000000e+04
6.211600000000000000e+04
6.342800000000000000e+04
6.269100000000000000e+04
6.213100000000000000e+04
6.251400000000000000e+04
6.190800000000000000e+04
6.222300000000000000e+04
6.193100000000000000e+04
6.194700000000000000e+04
6.050600000000000000e+04
6.088800000000000000e+04
6.023900000000000000e+04
6.021500000000000000e+04
6.009000000000000000e+04
5.948300000000000000e+04
5.900200000000000000e+04
5.944000000000000000e+04
5.931700000000000000e+04
5.969600000000000000e+04
5.931900000000000000e+04
5.935900000000000000e+04
5.975700000000000000e+04
6.041100000000000000e+04
6.039700000000000000e+04
6.008700000000000000e+04
5.984600000000000000e+04
5.920400000000000000e+04
5.867800000000000000e+04
5.798500000000000000e+04
5.827300000000000000e+04
5.783300000000000000e+04
5.726600000000000000e+04
5.776300000000000000e+04
5.793500000000000000e+04
5.838200000000000000e+04
5.837400000000000000e+04
5.956000000000000000e+04
5.946000000000000000e+04
5.900700000000000000e+04
5.810800000000000000e+04
5.771200000000000000e+04
5.752900000000000000e+04
5.747200000000000000e+04
5.627600000000000000e+04
5.666600000000000000e+04
5.678900000000000000e+04
5.664200000000000000e+04
5.757400000000000000e+04
5.757200000000000000e+04
5.741900000000000000e+04
5.659000000000000000e+04
5.785200000000000000e+04
5.803000000000000000e+04
5.833200000000000000e+04
5.851900000000000000e+04
5.812600000000000000e+04
5.786000000000000000e+04
5.859400000000000000e+04
5.924800000000000000e+04
5.974600000000000000e+04
5.985800000000000000e+04
5.996800000000000000e+04
5.982400000000000000e+04
5.991400000000000000e+04
6.053800000000000000e+04
6.121200000000000000e+04
6.127600000000000000e+04
6.127000000000000000e+04
6.132200000000000000e+04
6.119100000000000000e+04
6.106600000000000000e+04
6.288600000000000000e+04
6.347200000000000000e+04
6.331400000000000000e+04
6.269800000000000000e+04
6.226400000000000000e+04
6.181100000000000000e+04
6.194700000000000000e+04
6.168200000000000000e+04
6.228400000000000000e+04
6.215100000000000000e+04
6.178700000000000000e+04
6.230900000000000000e+04
6.239500000000000000e+04
6.205100000000000000e+04
6.199500000000000000e+04
6.196900000000000000e+04
6.224900000000000000e+04
6.131200000000000000e+04
6.042700000000000000e+04
6.040400000000000000e+04
5.977100000000000000e+04
6.049600000000000000e+04
6.035000000000000000e+04
5.997400000000000000e+04
5.958200000000000000e+04
5.943500000000000000e+04
5.863800000000000000e+04
5.875400000000000000e+04
5.840500000000000000e+04
5.835200000000000000e+04
5.792900000000000000e+04
5.806000000000000000e+04
5.756800000000000000e+04
5.622700000000000000e+04
5.674200000000000000e+04
5.715700000000000000e+04
5.700700000000000000e+04
5.740200000000000000e+04
5.779800000000000000e+04
5.742200000000000000e+04
5.687700000000000000e+04
5.722600000000000000e+04
5.814900000000000000e+04
5.947200000000000000e+04
5.903100000000000000e+04
5.854600000000000000e+04
5.870900000000000000e+04
5.841000000000000000e+04
5.785000000000000000e+04
5.753200000000000000e+04
5.715100000000000000e+04
5.703700000000000000e+04
5.639600000000000000e+04
5.604300000000000000e+04
5.589300000000000000e+04
5.545000000000000000e+04
5.576300000000000000e+04
5.617700000000000000e+04
5.637300000000000000e+04
5.634800000000000000e+04
5.625700000000000000e+04
5.557300000000000000e+04
5.557900000000000000e+04
5.522600000000000000e+04
5.513600000000000000e+04
5.630400000000000000e+04
5.697500000000000000e+04
5.628300000000000000e+04
5.553000000000000000e+04
5.495100000000000000e+04
5.409500000000000000e+04
5.398400000000000000e+04
5.347300000000000000e+04
5.401700000000000000e+04
5.429700000000000000e+04
5.528200000000000000e+04
5.554600000000000000e+04
5.554300000000000000e+04
5.503300000000000000e+04
5.533500000000000000e+04
5.591000000000000000e+04
5.591800000000000000e+04
5.636600000000000000e+04
5.554100000000000000e+04
5.645000000000000000e+04
5.681300000000000000e+04
5.607100000000000000e+04
5.544500000000000000e+04
5.510500000000000000e+04
5.502900000000000000e+04
5.521500000000000000e+04
5.553800000000000000e+04
5.548900000000000000e+04
5.570400000000000000e+04
5.626500000000000000e+04
5.709800000000000000e+04
5.642300000000000000e+04
5.650600000000000000e+04
5.656200000000000000e+04
5.697800000000000000e+04
5.603200000000000000e+04
5.477500000000000000e+04
5.399300000000000000e+04
5.428900000000000000e+04
5.420600000000000000e+04
5.293700000000000000e+04
5.287600000000000000e+04
5.183500000000000000e+04
5.131400000000000000e+04
5.038000000000000000e+04
5.044400000000000000e+04
5.065500000000000000e+04
5.012300000000000000e+04
4.955000000000000000e+04
4.969800000000000000e+04
4.821400000000000000e+04
4.820900000000000000e+04
4.703800000000000000e+04
4.711900000000000000e+04
4.772500000000000000e+04
4.805300000000000000e+04
4.763800000000000000e+04
4.767400000000000000e+04
4.722100000000000000e+04
4.582600000000000000e+04
4.609700000000000000e+04
4.575600000000000000e+04
4.574000000000000000e+04
4.595500000000000000e+04
4.671900000000000000e+04
4.662400000000000000e+04
4.683900000000000000e+04
4.732900000000000000e+04
4.771000000000000000e+04
4.805600000000000000e+04
4.765000000000000000e+04
4.887900000000000000e+04
4.937900000000000000e+04
4.888700000000000000e+04
4.912200000000000000e+04
4.942200000000000000e+04
4.946100000000000000e+04
4.966900000000000000e+04
4.882300000000000000e+04
4.928100000000000000e+04
4.954900000000000000e+04
4.870700000000000000e+04
4.852200000000000000e+04
4.766500000000000000e+04
4.923000000000000000e+04
5.000000000000000000e+04
5.138000000000000000e+04
5.073300000000000000e+04
5.136400000000000000e+04
5.145200000000000000e+04
5.155400000000000000e+04
5.208900000000000000e+04
5.156100000000000000e+04
5.117000000000000000e+04
5.145800000000000000e+04
5.219700000000000000e+04
5.239800000000000000e+04
5.142500000000000000e+04
5.059100000000000000e+04
5.055700000000000000e+04
5.048000000000000000e+04
5.197600000000000000e+04
5.228900000000000000e+04
5.182900000000000000e+04
5.249800000000000000e+04
5.412400000000000000e+04
5.453100000000000000e+04
5.473900000000000000e+04
5.430300000000000000e+04
5.383800000000000000e+04
5.385800000000000000e+04
5.446200000000000000e+04
5.427100000000000000e+04
5.582700000000000000e+04
5.590000000000000000e+04
5.524200000000000000e+04
5.468200000000000000e+04
5.481800000000000000e+04
5.461100000000000000e+04
5.434400000000000000e+04
5.413100000000000000e+04
5.373600000000000000e+04
5.317900000000000000e+04
5.347300000000000000e+04
5.342900000000000000e+04
5.287100000000000000e+04
5.291200000000000000e+04
5.255500000000000000e+04
5.283500000000000000e+04
5.313200000000000000e+04
5.330100000000000000e+04
5.419600000000000000e+04
5.519000000000000000e+04
5.674700000000000000e+04
5.616700000000000000e+04
5.605200000000000000e+04
5.610900000000000000e+04
5.672000000000000000e+04
5.645800000000000000e+04
5.586400000000000000e+04
5.491000000000000000e+04
5.507600000000000000e+04
5.526600000000000000e+04
5.476400000000000000e+04
5.446600000000000000e+04
5.438700000000000000e+04
5.453100000000000000e+04
5.453800000000000000e+04
5.385600000000000000e+04
5.389000000000000000e+04
5.286700000000000000e+04
5.264500000000000000e+04
5.281100000000000000e+04
5.227100000000000000e+04
5.356600000000000000e+04
5.431700000000000000e+04
5.430300000000000000e+04
5.302600000000000000e+04
5.322100000000000000e+04
5.299500000000000000e+04
5.241000000000000000e+04
5.211200000000000000e+04
5.245800000000000000e+04
5.248200000000000000e+04
5.247900000000000000e+04
5.125700000000000000e+04
5.074400000000000000e+04
5.112300000000000000e+04
5.136400000000000000e+04
5.129800000000000000e+04
5.133400000000000000e+04
5.103800000000000000e+04
5.033100000000000000e+04
5.051800000000000000e+04
5.061100000000000000e+04
5.056300000000000000e+04
5.086900000000000000e+04
5.163300000000000000e+04
5.164000000000000000e+04
5.160400000000000000e+04
5.160900000000000000e+04
5.139500000000000000e+04
5.199500000000000000e+04
5.165600000000000000e+04
5.098100000000000000e+04
5.100200000000000000e+04
5.147700000000000000e+04
5.079200000000000000e+04
5.057500000000000000e+04
5.014500000000000000e+04
5.000300000000000000e+04
4.983300000000000000e+04
5.022900000000000000e+04
5.057700000000000000e+04
4.986800000000000000e+04
4.929200000000000000e+04
4.912300000000000000e+04
4.948700000000000000e+04
4.959800000000000000e+04
4.832700000000000000e+04
4.814600000000000000e+04
4.848700000000000000e+04
4.788400000000000000e+04
4.803400000000000000e+04
4.765200000000000000e+04
4.762200000000000000e+04
4.713100000000000000e+04
4.714800000000000000e+04
4.803300000000000000e+04
4.825300000000000000e+04
4.813500000000000000e+04
4.860300000000000000e+04
4.866900000000000000e+04
4.821100000000000000e+04
4.831300000000000000e+04
4.829700000000000000e+04
4.771200000000000000e+04
4.715500000000000000e+04
4.760000000000000000e+04
4.781500000000000000e+04
4.753800000000000000e+04
4.738800000000000000e+04
4.700900000000000000e+04
4.778100000000000000e+04
4.781300000000000000e+04
4.715300000000000000e+04
4.740000000000000000e+04
4.721800000000000000e+04
4.624100000000000000e+04
4.604900000000000000e+04
4.591500000000000000e+04
4.617600000000000000e+04
4.556100000000000000e+04
4.549800000000000000e+04
4.621700000000000000e+04
4.680300000000000000e+04
4.748400000000000000e+04
4.783100000000000000e+04
4.814100000000000000e+04
4.844000000000000000e+04
4.872500000000000000e+04
4.964600000000000000e+04
5.018000000000000000e+04
5.041700000000000000e+04
5.062600000000000000e+04
5.179400000000000000e+04
5.199000000000000000e+04
5.228800000000000000e+04
5.222800000000000000e+04
5.339300000000000000e+04
5.162800000000000000e+04
5.152200000000000000e+04
5.187000000000000000e+04
5.211000000000000000e+04
5.159300000000000000e+04
5.128800000000000000e+04
5.233800000000000000e+04
5.246000000000000000e+04
5.197400000000000000e+04
5.196300000000000000e+04
5.181700000000000000e+04
5.147100000000000000e+04
5.241500000000000000e+04
5.183700000000000000e+04
5.306000000000000000e+04
5.350500000000000000e+04
5.398500000000000000e+04
5.422500000000000000e+04
5.424900000000000000e+04
5.363900000000000000e+04
5.405300000000000000e+04
5.424200000000000000e+04
5.445900000000000000e+04
5.440300000000000000e+04
5.438200000000000000e+04
5.399100000000000000e+04
5.384200000000000000e+04
5.287500000000000000e+04
5.285000000000000000e+04
5.293500000000000000e+04
5.304400000000000000e+04
5.330900000000000000e+04
5.285800000000000000e+04
5.288900000000000000e+04
5.223300000000000000e+04
5.187800000000000000e+04
5.203200000000000000e+04
5.203200000000000000e+04
5.224500000000000000e+04
5.317400000000000000e+04
5.446200000000000000e+04
5.460400000000000000e+04
5.528300000000000000e+04
5.510400000000000000e+04
5.485400000000000000e+04
5.463800000000000000e+04
5.520200000000000000e+04
5.519100000000000000e+04
5.472400000000000000e+04
5.500200000000000000e+04
5.439200000000000000e+04
5.379000000000000000e+04
5.361400000000000000e+04
5.331100000000000000e+04
5.369700000000000000e+04
5.324400000000000000e+04
5.387700000000000000e+04
5.408600000000000000e+04
5.404100000000000000e+04
5.390500000000000000e+04
5.459900000000000000e+04
5.495200000000000000e+04
5.589600000000000000e+04
5.610600000000000000e+04
5.633100000000000000e+04
5.619000000000000000e+04
5.748300000000000000e+04
5.775600000000000000e+04
5.813800000000000000e+04
5.798200000000000000e+04
5.812200000000000000e+04
5.806900000000000000e+04
5.804000000000000000e+04
5.801300000000000000e+04
5.743900000000000000e+04
5.687700000000000000e+04
5.605800000000000000e+04
5.662000000000000000e+04
5.693700000000000000e+04
5.679700000000000000e+04
5.692200000000000000e+04
5.618600000000000000e+04
5.665700000000000000e+04
5.681100000000000000e+04
5.673600000000000000e+04
5.594600000000000000e+04
5.696500000000000000e+04
5.766400000000000000e+04
5.847400000000000000e+04
5.901000000000000000e+04
5.920700000000000000e+04
5.899100000000000000e+04
5.974200000000000000e+04
6.009200000000000000e+04
6.124600000000000000e+04
6.098000000000000000e+04
6.144200000000000000e+04
6.227900000000000000e+04
6.223100000000000000e+04
6.230400000000000000e+04
6.183600000000000000e+04
6.102900000000000000e+04
6.151200000000000000e+04
5.948400000000000000e+04
5.867400000000000000e+04
5.880800000000000000e+04
5.833600000000000000e+04
5.794800000000000000e+04
6.024200000000000000e+04
6.002400000000000000e+04
5.926600000000000000e+04
5.851600000000000000e+04
5.778700000000000000e+04
5.733200000000000000e+04
5.713000000000000000e+04
5.682100000000000000e+04
5.748800000000000000e+04
5.721000000000000000e+04
5.462500000000000000e+04
5.411500000000000000e+04
5.402200000000000000e+04
5.453900000000000000e+04
5.889700000000000000e+04
5.831700000000000000e+04
5.819000000000000000e+04
5.824600000000000000e+04
5.726600000000000000e+04
5.874700000000000000e+04
5.885600000000000000e+04
5.801200000000000000e+04
5.612300000000000000e+04
5.594800000000000000e+04
5.572000000000000000e+04
5.430000000000000000e+04
5.322900000000000000e+04
5.240900000000000000e+04
5.314500000000000000e+04
5.193700000000000000e+04
5.237400000000000000e+04
5.233000000000000000e+04
5.257400000000000000e+04
5.462800000000000000e+04
5.462800000000000000e+04
5.438300000000000000e+04
5.438300000000000000e+04
5.369600000000000000e+04
5.348300000000000000e+04
5.382900000000000000e+04
5.271800000000000000e+04
5.343500000000000000e+04
5.332200000000000000e+04
5.189900000000000000e+04
5.222200000000000000e+04
5.212200000000000000e+04
5.340200000000000000e+04
5.621400000000000000e+04
5.735900000000000000e+04
5.638600000000000000e+04
5.609900000000000000e+04
5.606500000000000000e+04
5.543600000000000000e+04
5.471900000000000000e+04
5.263900000000000000e+04
5.247000000000000000e+04
5.253900000000000000e+04
5.202300000000000000e+04
5.199200000000000000e+04
5.026000000000000000e+04
5.019200000000000000e+04
4.994600000000000000e+04
4.986100000000000000e+04
4.840100000000000000e+04
4.759400000000000000e+04
4.925700000000000000e+04
4.956400000000000000e+04
4.965700000000000000e+04
5.012000000000000000e+04
5.088900000000000000e+04
5.097300000000000000e+04
5.090200000000000000e+04
5.084100000000000000e+04
5.000400000000000000e+04
4.851200000000000000e+04
4.806100000000000000e+04
4.988200000000000000e+04
5.026000000000000000e+04
4.995400000000000000e+04
4.883900000000000000e+04
4.893900000000000000e+04
4.828000000000000000e+04
4.885300000000000000e+04
4.926300000000000000e+04
4.900900000000000000e+04
4.868700000000000000e+04
4.932800000000000000e+04
5.028100000000000000e+04
4.952300000000000000e+04
4.871100000000000000e+04
4.886400000000000000e+04
4.858900000000000000e+04
4.789300000000000000e+04
4.775900000000000000e+04
4.768300000000000000e+04
4.899200000000000000e+04
4.971800000000000000e+04
4.981600000000000000e+04
4.923100000000000000e+04
4.952200000000000000e+04
4.979800000000000000e+04
4.876200000000000000e+04
4.968900000000000000e+04
5.072600000000000000e+04
5.186700000000000000e+04
5.163800000000000000e+04
5.145000000000000000e+04
5.168900000000000000e+04
5.195600000000000000e+04
5.186200000000000000e+04
5.192200000000000000e+04
5.245700000000000000e+04
5.157900000000000000e+04
5.143200000000000000e+04
5.130300000000000000e+04
5.073400000000000000e+04
5.040000000000000000e+04
4.997800000000000000e+04
4.917700000000000000e+04
4.893600000000000000e+04
4.963200000000000000e+04
4.885800000000000000e+04
4.920500000000000000e+04
5.038400000000000000e+04
5.177200000000000000e+04
5.154700000000000000e+04
5.228500000000000000e+04
5.217700000000000000e+04
5.222200000000000000e+04
5.231800000000000000e+04
5.183500000000000000e+04
5.057400000000000000e+04
5.126400000000000000e+04
5.146500000000000000e+04
5.261300000000000000e+04
5.331100000000000000e+04
5.414600000000000000e+04
5.400200000000000000e+04
5.445800000000000000e+04
5.400200000000000000e+04
5.441300000000000000e+04
5.486600000000000000e+04
5.462500000000000000e+04
5.496000000000000000e+04
5.491800000000000000e+04
5.467100000000000000e+04
5.438400000000000000e+04
5.484700000000000000e+04
5.578100000000000000e+04
5.696500000000000000e+04
5.696200000000000000e+04
5.601700000000000000e+04
5.580800000000000000e+04
5.622900000000000000e+04
5.751900000000000000e+04
5.814600000000000000e+04
5.857400000000000000e+04
5.728900000000000000e+04
5.762000000000000000e+04
5.748900000000000000e+04
5.742300000000000000e+04
5.689900000000000000e+04
5.692000000000000000e+04
5.728700000000000000e+04
5.760500000000000000e+04
5.621100000000000000e+04
5.564400000000000000e+04
5.511200000000000000e+04
5.522300000000000000e+04
5.486700000000000000e+04
5.460900000000000000e+04
5.429200000000000000e+04
5.423000000000000000e+04
5.397400000000000000e+04
5.323200000000000000e+04
5.423600000000000000e+04
5.425300000000000000e+04
5.351700000000000000e+04
5.332400000000000000e+04
5.329200000000000000e+04
5.410200000000000000e+04
5.427000000000000000e+04
5.368900000000000000e+04
5.333800000000000000e+04
5.396800000000000000e+04
5.375500000000000000e+04
5.435100000000000000e+04
5.423600000000000000e+04
5.434100000000000000e+04
5.436000000000000000e+04
5.423600000000000000e+04
5.384000000000000000e+04
5.407600000000000000e+04
5.401200000000000000e+04
5.334500000000000000e+04
5.345600000000000000e+04
5.335600000000000000e+04
5.310500000000000000e+04
5.267800000000000000e+04
5.238700000000000000e+04
5.246700000000000000e+04
5.278500000000000000e+04
5.316300000000000000e+04
5.341500000000000000e+04
5.333300000000000000e+04
5.341600000000000000e+04
5.331000000000000000e+04
5.242300000000000000e+04
5.199700000000000000e+04
5.147300000000000000e+04
5.106300000000000000e+04
4.983100000000000000e+04
4.929800000000000000e+04
4.987100000000000000e+04
5.033200000000000000e+04
5.064400000000000000e+04
5.089400000000000000e+04
5.086600000000000000e+04
5.057400000000000000e+04
5.085200000000000000e+04
5.053400000000000000e+04
5.001300000000000000e+04
4.951100000000000000e+04
4.933900000000000000e+04
4.906300000000000000e+04
4.860500000000000000e+04
4.818600000000000000e+04
4.778700000000000000e+04
4.808400000000000000e+04
4.745000000000000000e+04
4.678000000000000000e+04
4.664900000000000000e+04
4.571400000000000000e+04
4.558700000000000000e+04
4.603900000000000000e+04
4.799600000000000000e+04
4.787200000000000000e+04
4.715100000000000000e+04
4.662500000000000000e+04
4.647300000000000000e+04
4.753200000000000000e+04
4.737700000000000000e+04
4.724300000000000000e+04
4.783900000000000000e+04
4.681900000000000000e+04
4.655800000000000000e+04
4.738500000000000000e+04
4.768800000000000000e+04
4.868000000000000000e+04
4.939500000000000000e+04
4.854900000000000000e+04
4.739000000000000000e+04
4.658500000000000000e+04
4.648000000000000000e+04
4.557100000000000000e+04
4.596800000000000000e+04
4.483100000000000000e+04
4.453000000000000000e+04
4.529400000000000000e+04
4.554700000000000000e+04
4.703300000000000000e+04
4.808100000000000000e+04
4.809100000000000000e+04
4.929000000000000000e+04
4.924700000000000000e+04
4.975200000000000000e+04
4.933900000000000000e+04
4.771400000000000000e+04
4.718700000000000000e+04
4.772700000000000000e+04
4.753600000000000000e+04
4.772700000000000000e+04
4.727300000000000000e+04
4.790900000000000000e+04
4.883700000000000000e+04
4.787400000000000000e+04
4.733800000000000000e+04
4.744100000000000000e+04
4.674000000000000000e+04
4.597500000000000000e+04
4.805300000000000000e+04
4.905400000000000000e+04
4.806100000000000000e+04
4.804600000000000000e+04
4.700000000000000000e+04
4.620600000000000000e+04
4.723100000000000000e+04
4.745900000000000000e+04
4.688300000000000000e+04
4.690500000000000000e+04
4.769700000000000000e+04
4.795000000000000000e+04
4.822600000000000000e+04
4.874500000000000000e+04
4.832000000000000000e+04
4.826900000000000000e+04
4.719900000000000000e+04
4.714400000000000000e+04
4.593000000000000000e+04
4.548200000000000000e+04
4.533800000000000000e+04
4.714200000000000000e+04
4.638400000000000000e+04
4.615600000000000000e+04
4.523300000000000000e+04
4.643800000000000000e+04
4.632200000000000000e+04
4.598100000000000000e+04
4.525700000000000000e+04
4.542300000000000000e+04
4.509800000000000000e+04
4.625100000000000000e+04
4.524800000000000000e+04
4.422200000000000000e+04
4.363200000000000000e+04
4.423200000000000000e+04
4.408700000000000000e+04
4.404100000000000000e+04
4.366200000000000000e+04
