57993
59288
59518
59353
59260
59220
60111
60093
60503
59917
59981
60890
61722
62181
62312
62693
62535
63804
63263
62901
63393
64567
64854
65619
65229
65944
66383
66323
65525
65713
65855
66003
66161
66561
66290
66328
66335
65953
66152
66661
66930
67790
67782
66962
66052
67271
67419
66686
68419
68969
68259
68152
68159
67724
67436
66860
66252
66775
66967
66031
65074
65363
65593
65530
64301
64298
63690
62922
62356
63061
63039
62688
62961
63243
63274
63369
62494
62000
62440
62282
62486
61900
62502
62782
62166
61299
61217
60345
60751
60340
59443
58024
57693
56295
54913
56678
56586
55051
54819
54970
55608
55763
54632
54508
54488
53959
53917
54194
54432
55400
55049
55988
55768
56104
56578
57567
57611
57218
56019
55405
54193
54005
53305
54354
54753
56228
56322
56943
56376
55588
54135
53615
54427
54418
54037
54587
55490
55337
54183
53416
53232
54126
57046
57240
57465
56735
56288
57399
58995
59316
58963
59201
59365
59543
59605
58374
59543
59822
59462
60208
59584
59381
58750
58461
58745
58552
57507
57834
57456
57272
56904
58328
59420
59514
60135
62116
63428
62691
62131
62514
61908
62223
61931
61947
60506
60888
60239
60215
60090
59483
59002
59440
59317
59696
59319
59359
59757
60411
60397
60087
59846
59204
58678
57985
58273
57833
57266
57763
57935
58382
58374
59560
59460
59007
58108
57712
57529
57472
56276
56666
56789
56642
57574
57572
57419
56590
57852
58030
58332
58519
58126
57860
58594
59248
59746
59858
59968
59824
59914
60538
61212
61276
61270
61322
61191
61066
62886
63472
63314
62698
62264
61811
61947
61682
62284
62151
61787
62309
62395
62051
61995
61969
62249
61312
60427
60404
59771
60496
60350
59974
59582
59435
58638
58754
58405
58352
57929
58060
57568
56227
56742
57157
57007
57402
57798
57422
56877
57226
58149
59472
59031
58546
58709
58410
57850
57532
57151
57037
56396
56043
55893
55450
55763
56177
56373
56348
56257
55573
55579
55226
55136
56304
56975
56283
55530
54951
54095
53984
53473
54017
54297
55282
55546
55543
55033
55335
55910
55918
56366
55541
56450
56813
56071
55445
55105
55029
55215
55538
55489
55704
56265
57098
56423
56506
56562
56978
56032
54775
53993
54289
54206
52937
52876
51835
51314
50380
50444
50655
50123
49550
49698
48214
48209
47038
47119
47725
48053
47638
47674
47221
45826
46097
45756
45740
45955
46719
46624
46839
47329
47710
48056
47650
48879
49379
48887
49122
49422
49461
49669
48823
49281
49549
48707
48522
47665
49230
50000
51380
50733
51364
51452
51554
52089
51561
51170
51458
52197
52398
51425
50591
50557
50480
51976
52289
51829
52498
54124
54531
54739
54303
53838
53858
54462
54271
55827
55900
55242
54682
54818
54611
54344
54131
53736
53179
53473
53429
52871
52912
52555
52835
53132
53301
54196
55190
56747
56167
56052
56109
56720
56458
55864
54910
55076
55266
54764
54466
54387
54531
54538
53856
53890
52867
52645
52811
52271
53566
54317
54303
53026
53221
52995
52410
52112
52458
52482
52479
51257
50744
51123
51364
51298
51334
51038
50331
50518
50611
50563
50869
51633
51640
51604
51609
51395
51995
51656
50981
51002
51477
50792
50575
50145
50003
49833
50229
50577
49868
49292
49123
49487
49598
48327
48146
48487
47884
48034
47652
47622
47131
47148
48033
48253
48135
48603
48669
48211
48313
48297
47712
47155
47600
47815
47538
47388
47009
47781
47813
47153
47400
47218
46241
46049
45915
46176
45561
45498
46217
46803
47484
47831
48141
48440
48725
49646
50180
50417
50626
51794
51990
52288
52228
53393
51628
51522
51870
52110
51593
51288
52338
52460
51974
51963
51817
51471
52415
51837
53060
53505
53985
54225
54249
53639
54053
54242
54459
54403
54382
53991
53842
52875
52850
52935
53044
53309
52858
52889
52233
51878
52032
52032
52245
53174
54462
54604
55283
55104
54854
54638
55202
55191
54724
55002
54392
53790
53614
53311
53697
53244
53877
54086
54041
53905
54599
54952
55896
56106
56331
56190
57483
57756
58138
57982
58122
58069
58040
58013
57439
56877
56058
56620
56937
56797
56922
56186
56657
56811
56736
55946
56965
57664
58474
59010
59207
58991
59742
60092
61246
60980
61442
62279
62231
62304
61836
61029
61512
59484
58674
58808
58336
57948
60242
60024
59266
58516
57787
57332
57130
56821
57488
57210
54625
54115
54022
54539
58897
58317
58190
58246
57266
58747
58856
58012
56123
55948
55720
54300
53229
52409
53145
51937
52374
52330
52574
54628
54628
54383
54383
53696
53483
53829
52718
53435
53322
51899
52222
52122
53402
56214
57359
56386
56099
56065
55436
54719
52639
52470
52539
52023
51992
50260
50192
49946
49861
48401
47594
49257
49564
49657
50120
50889
50973
50902
50841
50004
48512
48061
49882
50260
49954
48839
48939
48280
48853
49263
49009
48687
49328
50281
49523
48711
48864
48589
47893
47759
47683
48992
49718
49816
49231
49522
49798
48762
49689
50726
51867
51638
51450
51689
51956
51862
51922
52457
51579
51432
51303
50734
50400
49978
49177
48936
49632
48858
49205
50384
51772
51547
52285
52177
52222
52318
51835
50574
51264
51465
52613
53311
54146
54002
54458
54002
54413
54866
54625
54960
54918
54671
54384
54847
55781
56965
56962
56017
55808
56229
57519
58146
58574
57289
57620
57489
57423
56899
56920
57287
57605
56211
55644
55112
55223
54867
54609
54292
54230
53974
53232
54236
54253
53517
53324
53292
54102
54270
53689
53338
53968
53755
54351
54236
54341
54360
54236
53840
54076
54012
53345
53456
53356
53105
52678
52387
52467
52785
53163
53415
53333
53416
53310
52423
51997
51473
51063
49831
49298
49871
50332
50644
50894
50866
50574
50852
50534
50013
49511
49339
49063
48605
48186
47787
48084
47450
46780
46649
45714
45587
46039
47996
47872
47151
46625
46473
47532
47377
47243
47839
46819
46558
47385
47688
48680
49395
48549
47390
46585
46480
45571
45968
44831
44530
45294
45547
47033
48081
48091
49290
49247
49752
49339
47714
47187
47727
47536
47727
47273
47909
48837
47874
47338
47441
46740
45975
48053
49054
48061
48046
47000
46206
47231
47459
46883
46905
47697
47950
48226
48745
48320
48269
47199
47144
45930
45482
45338
47142
46384
46156
45233
46438
46322
45981
45257
45423
45098
46251
45248
44222
43632
44232
44087
44041
43662
