56649
57835
58557
57962
58355
58598
59089
59422
59586
58874
59146
59961
60610
61565
61592
61908
61666
62485
62769
61989
62663
63085
64224
64136
64743
64800
65647
65188
63879
63998
64825
65041
64798
65823
65850
65589
65819
65067
65240
65532
65811
66810
66755
64892
65123
66032
66679
65965
66385
67797
67458
67504
67546
66704
66762
65534
65576
65817
65924
64819
64095
64245
64198
64015
63450
63383
62461
61343
61291
61300
61777
61465
61959
62429
62478
62430
60897
61380
61327
61032
61666
61230
61593
61731
60438
60391
59871
59198
59636
59138
57538
56144
55415
54038
53856
54515
54886
53028
53176
53846
54466
54554
53382
53089
53086
53367
52481
52486
53684
53904
53906
54523
54952
55202
55486
56210
56528
55505
55083
53694
53397
53083
52271
52656
53960
54703
55485
55828
54967
53667
53232
52489
53420
53215
53118
53551
54587
54137
52212
52399
52345
52638
54024
56089
56097
55424
55239
55523
56893
57678
57603
58115
58127
58600
57903
57630
58190
58943
58629
58684
58442
58145
57833
57852
57976
57060
56900
56719
56954
56202
56236
56868
58324
58404
59205
59629
61823
61551
61446
61518
60960
61300
61075
60357
59724
59876
58864
59171
59027
58541
58104
58414
58169
58615
58340
58460
58789
59484
59682
59321
58782
58540
57387
57158
57160
57060
56580
57178
56929
56959
57550
58173
58274
57420
56861
56987
56593
56038
55125
55387
55946
56242
56247
56501
56248
55685
56562
56704
57479
57546
57231
57128
57635
58090
58950
59290
59153
59272
59322
59565
60395
60621
60221
60860
60232
60415
60990
62341
62414
61639
61080
61102
61156
61198
61511
61694
61241
61683
61822
61804
61534
61542
60838
59921
59757
59305
59114
59742
59256
59132
58587
58115
58024
58251
57750
57801
57420
57233
56034
55430
56106
56418
56047
56684
56925
56525
56067
55950
55953
57939
58128
57800
58112
57285
56722
56805
56139
56099
55831
55382
55097
54647
54878
55129
55873
55896
54809
54739
54432
53794
54333
55100
55913
55173
54458
52949
52952
52540
52391
53168
53419
54164
54722
54792
54146
54253
54584
55103
55329
54651
55206
55804
54905
54831
54388
54326
54487
54592
54779
54630
55378
56036
55379
55901
56352
56008
54634
52942
53143
53497
52773
52244
51427
51159
49708
48746
48968
49329
49074
48414
47838
45929
46917
45405
45966
46903
47134
47058
46675
44818
44552
45046
44107
44838
45081
45493
45528
45533
46416
46869
47092
47163
47407
48579
47998
48006
48632
48975
48560
48139
48235
48448
48263
47224
47164
47452
48835
49878
50040
50414
50049
50800
51115
50498
50055
50408
51166
51429
50017
49530
49845
49648
50012
51422
51107
51255
52353
53257
53769
53307
52945
52917
53559
53576
53981
54965
54018
54026
54163
53967
53428
53611
52290
52093
52870
52296
52113
52273
51870
51955
52511
52738
52833
54053
54901
55145
55003
55256
55897
55379
54442
54141
54070
54223
53917
53602
53752
54008
53730
53073
52558
51735
52072
51635
51290
52232
53451
52831
52190
52095
52115
51433
51447
51696
51846
51244
50223
50113
50220
50609
50832
50955
50067
49842
50006
50048
50049
50110
50577
51024
51187
51184
51207
51274
50246
50268
50451
50429
50423
49258
49267
49308
49263
49714
49628
49174
48673
48440
48542
48320
47493
47492
47749
47153
47114
46813
46109
46145
46224
46632
47556
47464
47588
48044
47128
47756
47540
46599
46133
46634
47075
46991
46613
46402
46621
47043
46472
46501
46086
45203
45401
45507
45250
44904
44968
45074
45909
46150
46720
47381
47949
47963
47962
49606
49769
49773
50200
51059
51034
51115
51377
50652
50732
50517
51361
49890
50469
50886
51681
51399
51237
51019
50776
51386
51250
51628
52931
53093
53498
53222
53056
53102
53730
53866
53565
53708
53266
52312
52203
52132
52403
52649
52079
52009
52031
51239
51239
51377
51608
51469
51561
53091
53959
54676
54648
54474
54150
54046
54540
54097
54093
53362
53331
52918
52709
52886
52734
52759
53703
53376
53459
53642
54319
54785
55629
55573
55237
55638
56864
57500
57141
57357
57648
57414
57082
56705
55502
55266
55585
56063
55695
55985
55319
55578
56312
55238
55436
55783
56968
57370
58320
58558
58164
58407
59522
59821
60188
60272
61141
60930
61198
60739
60243
59191
58306
57449
58112
56666
56851
57946
59095
58118
57513
55974
56086
55933
55875
55946
54124
53536
52646
52480
53367
54542
57124
56198
57076
55311
55312
57258
54919
54132
54298
54299
51922
52064
50653
50595
48722
50502
51049
51049
52334
53053
53431
53588
52417
52197
52716
52003
52187
51846
50885
51047
51067
52031
53403
55292
55204
54977
54592
54664
52156
51471
51610
51073
51163
50015
49395
49297
48808
47973
46409
45852
47008
48295
48435
49104
49814
49913
50008
49992
48345
47263
47337
48006
49017
48500
47955
48041
47372
47647
48028
47502
47619
47887
49227
48496
48004
47351
47550
47006
46484
46760
47664
48213
49019
48209
48415
48510
47841
48240
49475
50639
50869
50711
50861
51049
51050
51181
51474
50774
50995
50399
50114
49779
48951
48292
48308
48684
47904
48393
48840
49787
50790
50964
51515
51006
51507
50528
49908
50099
50612
51186
52321
53122
53436
53507
53292
53555
54004
53773
54037
54315
53896
53510
53762
54063
55687
55515
54972
55067
55079
56230
57096
56819
56507
56595
57013
56752
56199
56104
56422
55926
55027
54819
54526
54037
53971
53548
53135
53363
52760
52665
53035
53462
52808
52809
52687
52817
53443
53032
52548
53106
52965
53213
53479
53655
53772
53628
52879
53150
52647
52812
52603
52757
52370
51682
51129
51574
51782
52590
52652
52790
52713
52221
51525
51244
50592
49668
48624
48639
48740
49421
49612
49892
50053
49826
50066
49623
48511
48578
48305
48027
47721
47508
47217
46675
45977
46029
45676
42749
44337
44540
46038
46847
45569
45278
45445
46279
46320
46496
46614
45592
46175
46217
46745
47364
48081
46927
46424
45276
45340
44182
44697
43766
43956
44131
44788
44973
47018
47388
47714
48657
48698
47134
46700
46321
46516
46916
46622
46653
47026
47502
47104
46742
46388
45628
45400
45866
47440
47430
46397
46057
45396
46207
46695
46311
46398
46847
47241
47437
47987
47441
46742
46867
45811
45105
44775
44579
44923
45022
45217
44231
44444
45351
45068
44530
44748
44094
45016
43690
43196
43136
43478
43709
43523
43217
